tests/data/ascii/ascii-folder/1_MSWEP_1979.01.02.tif.asc
ncols        93
nrows        125
xllcorner    32239263.703880000859
yllcorner    5131081.422349999659
cellsize     5000.000000000000
NODATA_value  2147483648
[rows 80 to 99 of 125, columns 0 to 44 of 93]
2147483648 2147483648 2147483648 2147483648 2147483648 2147483648 2147483648 2147483648 2.3299999237060546875 3.5499999523162841797 3.5499999523162841797 3.9800000190734863281 3.9800000190734863281 4.0100002288818359375 4.0100002288818359375 3.2400000095367431641 3.2400000095367431641 3.2599999904632568359 3.2599999904632568359 3.6300001144409179688 3.6300001144409179688 3.8399999141693115234 3.8399999141693115234 5.3800001144409179688 5.3800001144409179688 4.9000000953674316406 4.9000000953674316406 3.0099999904632568359 3.0099999904632568359 3.0799999237060546875 3.0799999237060546875 3.0099999904632568359 3.0099999904632568359 3.2599999904632568359 3.2599999904632568359 3.2799999713897705078 3.2799999713897705078 4.1900000572204589844 4.1900000572204589844 4.5500001907348632812 4.5500001907348632812 4.5500001907348632812 4.090000152587890625 4.090000152587890625 3.9600000381469726562
2147483648 2147483648 2147483648 2147483648 2147483648 2147483648 2147483648 2147483648 2 2.9600000381469726562 2.9600000381469726562 3.1099998950958251953 3.1099998950958251953 3.1700000762939453125 3.1700000762939453125 3.2000000476837158203 3.2000000476837158203 3.2899999618530273438 3.2899999618530273438 3.9700000286102294922 3.9700000286102294922 4.3899998664855957031 4.3899998664855957031 5.4400000572204589844 5.4400000572204589844 4.0799999237060546875 4.0799999237060546875 2.1400001049041748047 2.1400001049041748047 2.7400000095367431641 2.7400000095367431641 3.3800001144409179688 3.3800001144409179688 3.3599998950958251953 3.3599998950958251953 3.2000000476837158203 3.2000000476837158203 4.2399997711181640625 4.2399997711181640625 4.8600001335144042969 4.8600001335144042969 4.8600001335144042969 4.0399999618530273438 4.0399999618530273438 3.6600000858306884766
2147483648 2147483648 2147483648 2147483648 2147483648 2147483648 2147483648 2147483648 2 2.9600000381469726562 2.9600000381469726562 3.1099998950958251953 3.1099998950958251953 3.1700000762939453125 3.1700000762939453125 3.2000000476837158203 3.2000000476837158203 3.2899999618530273438 3.2899999618530273438 3.9700000286102294922 3.9700000286102294922 4.3899998664855957031 4.3899998664855957031 5.4400000572204589844 5.4400000572204589844 4.0799999237060546875 4.0799999237060546875 2.1400001049041748047 2.1400001049041748047 2.7400000095367431641 2.7400000095367431641 3.3800001144409179688 3.3800001144409179688 3.3599998950958251953 3.3599998950958251953 3.2000000476837158203 3.2000000476837158203 4.2399997711181640625 4.2399997711181640625 4.8600001335144042969 4.8600001335144042969 4.8600001335144042969 4.0399999618530273438 4.0399999618530273438 3.6600000858306884766
2147483648 2147483648 2147483648 2147483648 2147483648 2147483648 2147483648 2147483648 1.879999995231628418 3.0599999427795410156 3.0599999427795410156 2147483648 2147483648 3.1700000762939453125 3.1700000762939453125 3.3299999237060546875 3.3299999237060546875 3.4200000762939453125 3.4200000762939453125 4.840000152587890625 4.840000152587890625 6.159999847412109375 6.159999847412109375 4.840000152587890625 4.840000152587890625 3.5 3.5 1.9299999475479125977 1.9299999475479125977 2.7000000476837158203 2.7000000476837158203 3.2100000381469726562 3.2100000381469726562 3.0399999618530273438 3.0399999618530273438 3.3099999427795410156 3.3099999427795410156 5.3499999046325683594 5.3499999046325683594 4.6799998283386230469 4.6799998283386230469 4.6799998283386230469 3.9100000858306884766 3.9100000858306884766 3.3199999332427978516
2147483648 2147483648 2147483648 2147483648 2147483648 2147483648 2147483648 2147483648 2147483648 3.0599999427795410156 3.0599999427795410156 2147483648 2147483648 3.1700000762939453125 3.1700000762939453125 3.3299999237060546875 3.3299999237060546875 3.4200000762939453125 3.4200000762939453125 4.840000152587890625 4.840000152587890625 6.159999847412109375 6.159999847412109375 4.840000152587890625 4.840000152587890625 3.5 3.5 1.9299999475479125977 1.9299999475479125977 2.7000000476837158203 2.7000000476837158203 3.2100000381469726562 3.2100000381469726562 3.0399999618530273438 3.0399999618530273438 3.3099999427795410156 3.3099999427795410156 5.3499999046325683594 5.3499999046325683594 4.6799998283386230469 4.6799998283386230469 4.6799998283386230469 3.9100000858306884766 3.9100000858306884766 3.3199999332427978516
2147483648 2147483648 2147483648 2147483648 2147483648 2147483648 2147483648 2147483648 2147483648 2147483648 2147483648 2147483648 2147483648 2147483648 3.5199999809265136719 3.8299999237060546875 3.8299999237060546875 3.8499999046325683594 3.8499999046325683594 5.3899998664855957031 5.3899998664855957031 5.8899998664855957031 5.8899998664855957031 5.25 5.25 3.0999999046325683594 3.0999999046325683594 2.2100000381469726562 2.2100000381469726562 2.75 2.75 2.8499999046325683594 2.8499999046325683594 3.9800000190734863281 3.9800000190734863281 4.4499998092651367188 4.4499998092651367188 5.3000001907348632812 5.3000001907348632812 4.6199998855590820312 4.6199998855590820312 4.6199998855590820312 2147483648 3.7300000190734863281 3.3299999237060546875
2147483648 2147483648 2147483648 2147483648 2147483648 2147483648 2147483648 2147483648 2147483648 2147483648 2147483648 2147483648 2147483648 2147483648 3.5199999809265136719 3.8299999237060546875 3.8299999237060546875 3.8499999046325683594 3.8499999046325683594 5.3899998664855957031 5.3899998664855957031 5.8899998664855957031 5.8899998664855957031 5.25 5.25 3.0999999046325683594 3.0999999046325683594 2.2100000381469726562 2.2100000381469726562 2.75 2.75 2.8499999046325683594 2.8499999046325683594 3.9800000190734863281 3.9800000190734863281 4.4499998092651367188 4.4499998092651367188 5.3000001907348632812 5.3000001907348632812 2147483648 2147483648 2147483648 2147483648 2147483648 3.3299999237060546875
2147483648 2147483648 2147483648 2147483648 2147483648 2147483648 2147483648 2147483648 2147483648 2147483648 2147483648 2147483648 2147483648 2147483648 2147483648 2147483648 3.7699999809265136719 3.9200000762939453125 3.9200000762939453125 5.6799998283386230469 5.6799998283386230469 5.3200001716613769531 5.3200001716613769531 4.3899998664855957031 4.3899998664855957031 2.8499999046325683594 2.8499999046325683594 2.3299999237060546875 2.3299999237060546875 2.5599999427795410156 2.5599999427795410156 2.8599998950958251953 2.8599998950958251953 5.8000001907348632812 5.8000001907348632812 6.1700000762939453125 6.1700000762939453125 6.6700000762939453125 6.6700000762939453125 4.4699997901916503906 2147483648 2147483648 2147483648 2147483648 2147483648
2147483648 2147483648 2147483648 2147483648 2147483648 2147483648 2147483648 2147483648 2147483648 2147483648 2147483648 2147483648 2147483648 2147483648 2147483648 2147483648 3.7699999809265136719 3.9200000762939453125 3.9200000762939453125 5.6799998283386230469 5.6799998283386230469 5.3200001716613769531 5.3200001716613769531 4.3899998664855957031 4.3899998664855957031 2.8499999046325683594 2.8499999046325683594 2.3299999237060546875 2.3299999237060546875 2.5599999427795410156 2.5599999427795410156 2.8599998950958251953 2.8599998950958251953 5.8000001907348632812 5.8000001907348632812 6.1700000762939453125 6.1700000762939453125 6.6700000762939453125 6.6700000762939453125 4.4699997901916503906 2147483648 2147483648 2147483648 2147483648 2147483648
2147483648 2147483648 2147483648 2147483648 2147483648 2147483648 2147483648 2147483648 2147483648 2147483648 2147483648 2147483648 2147483648 2147483648 2147483648 2147483648 2147483648 4.2600002288818359375 4.2600002288818359375 4.2300000190734863281 4.2300000190734863281 4.2199997901916503906 4.2199997901916503906 2.8299999237060546875 2.8299999237060546875 2.7300000190734863281 2.7300000190734863281 2.1800000667572021484 2.1800000667572021484 2.3800001144409179688 2.3800001144409179688 3.1400001049041748047 3.1400001049041748047 4.3200001716613769531 4.3200001716613769531 5.159999847412109375 5.159999847412109375 5.5199999809265136719 5.5199999809265136719 4.090000152587890625 4.090000152587890625 2147483648 2147483648 2147483648 2147483648
2147483648 2147483648 2147483648 2147483648 2147483648 2147483648 2147483648 2147483648 2147483648 2147483648 2147483648 2147483648 2147483648 2147483648 2147483648 2147483648 2147483648 2147483648 4.2600002288818359375 4.2300000190734863281 4.2300000190734863281 4.2199997901916503906 4.2199997901916503906 2.8299999237060546875 2.8299999237060546875 2.7300000190734863281 2.7300000190734863281 2.1800000667572021484 2.1800000667572021484 2.3800001144409179688 2.3800001144409179688 3.1400001049041748047 3.1400001049041748047 4.3200001716613769531 4.3200001716613769531 5.159999847412109375 5.159999847412109375 5.5199999809265136719 5.5199999809265136719 4.090000152587890625 4.090000152587890625 4.090000152587890625 3.1199998855590820312 3.1199998855590820312 2.9500000476837158203
2147483648 2147483648 2147483648 2147483648 2147483648 2147483648 2147483648 2147483648 2147483648 2147483648 2147483648 2147483648 2147483648 2147483648 2147483648 2147483648 2147483648 2147483648 2147483648 3.5499999523162841797 3.5499999523162841797 3.5599999427795410156 3.5599999427795410156 2.7899999618530273438 2.7899999618530273438 2.8699998855590820312 2.8699998855590820312 2.3699998855590820312 2.3699998855590820312 2.2400000095367431641 2.2400000095367431641 2.7599999904632568359 2.7599999904632568359 3.4100000858306884766 3.4100000858306884766 4.5599999427795410156 4.5599999427795410156 4.75 4.75 3.7799999713897705078 3.7799999713897705078 3.7799999713897705078 3.3699998855590820312 3.3699998855590820312 3
2147483648 2147483648 2147483648 2147483648 2147483648 2147483648 2147483648 2147483648 2147483648 2147483648 2147483648 2147483648 2147483648 2147483648 2147483648 2147483648 2147483648 2147483648 2147483648 2147483648 2147483648 3.5599999427795410156 3.5599999427795410156 2.7899999618530273438 2.7899999618530273438 2.8699998855590820312 2.8699998855590820312 2.3699998855590820312 2.3699998855590820312 2.2400000095367431641 2.2400000095367431641 2.7599999904632568359 2.7599999904632568359 3.4100000858306884766 3.4100000858306884766 4.5599999427795410156 4.5599999427795410156 4.75 4.75 3.7799999713897705078 3.7799999713897705078 3.7799999713897705078 3.3699998855590820312 3.3699998855590820312 3
2147483648 2147483648 2147483648 2147483648 2147483648 2147483648 2147483648 2147483648 2147483648 2147483648 2147483648 2147483648 2147483648 2147483648 2147483648 2147483648 2147483648 2147483648 2147483648 2147483648 2147483648 2147483648 3.6300001144409179688 3.1400001049041748047 3.1400001049041748047 3.1199998855590820312 3.1199998855590820312 2.5599999427795410156 2.5599999427795410156 2.3499999046325683594 2.3499999046325683594 2.7599999904632568359 2.7599999904632568359 3.4100000858306884766 3.4100000858306884766 4.5599999427795410156 4.5599999427795410156 4.75 4.75 3.7799999713897705078 3.7799999713897705078 3.7799999713897705078 3.3699998855590820312 3.3699998855590820312 3
2147483648 2147483648 2147483648 2147483648 2147483648 2147483648 2147483648 2147483648 2147483648 2147483648 2147483648 2147483648 2147483648 2147483648 2147483648 2147483648 2147483648 2147483648 2147483648 2147483648 2147483648 2147483648 3.6300001144409179688 3.1400001049041748047 3.1400001049041748047 3.1199998855590820312 3.1199998855590820312 2.5599999427795410156 2.5599999427795410156 2.3499999046325683594 2.3499999046325683594 2.7599999904632568359 2.7599999904632568359 3.4100000858306884766 3.4100000858306884766 4.5599999427795410156 4.5599999427795410156 4.75 4.75 3.7799999713897705078 3.7799999713897705078 3.7799999713897705078 3.3699998855590820312 3.3699998855590820312 3
2147483648 2147483648 2147483648 2147483648 2147483648 2147483648 2147483648 2147483648 2147483648 2147483648 2147483648 2147483648 2147483648 2147483648 2147483648 2147483648 2147483648 2147483648 2147483648 2147483648 2147483648 2147483648 3.9700000286102294922 3.1400001049041748047 3.1400001049041748047 3.1199998855590820312 3.1199998855590820312 2.4800000190734863281 2.4800000190734863281 2.3499999046325683594 2.3499999046325683594 2.7599999904632568359 2.7599999904632568359 3 3 3.6500000953674316406 3.6500000953674316406 3.9400000572204589844 3.9400000572204589844 3.6800000667572021484 3.6800000667572021484 3.6800000667572021484 3.5499999523162841797 3.5499999523162841797 3.1099998950958251953
2147483648 2147483648 2147483648 2147483648 2147483648 2147483648 2147483648 2147483648 2147483648 2147483648 2147483648 2147483648 2147483648 2147483648 2147483648 2147483648 2147483648 2147483648 2147483648 2147483648 2147483648 2147483648 2147483648 3.1400001049041748047 3.1400001049041748047 3.1199998855590820312 3.1199998855590820312 2.4800000190734863281 2.4800000190734863281 2.3499999046325683594 2.3499999046325683594 2.7599999904632568359 2.7599999904632568359 3 3 3.6500000953674316406 3.6500000953674316406 3.9400000572204589844 3.9400000572204589844 3.6800000667572021484 3.6800000667572021484 3.6800000667572021484 3.5499999523162841797 3.5499999523162841797 3.1099998950958251953
2147483648 2147483648 2147483648 2147483648 2147483648 2147483648 2147483648 2147483648 2147483648 2147483648 2147483648 2147483648 2147483648 2147483648 2147483648 2147483648 2147483648 2147483648 2147483648 2147483648 2147483648 2147483648 2147483648 3.1400001049041748047 3.1400001049041748047 3.1199998855590820312 3.1199998855590820312 2.4800000190734863281 2.4800000190734863281 2.3499999046325683594 2.3499999046325683594 2.7599999904632568359 2.7599999904632568359 3 3 3.6500000953674316406 3.6500000953674316406 3.9400000572204589844 3.9400000572204589844 3.6800000667572021484 3.6800000667572021484 3.6800000667572021484 3.5499999523162841797 3.5499999523162841797 3.1099998950958251953
2147483648 2147483648 2147483648 2147483648 2147483648 2147483648 2147483648 2147483648 2147483648 2147483648 2147483648 2147483648 2147483648 2147483648 2147483648 2147483648 2147483648 2147483648 2147483648 2147483648 2147483648 2147483648 2147483648 2147483648 3.8900001049041748047 4.4400000572204589844 4.4400000572204589844 3.2699999809265136719 3.2699999809265136719 3.0499999523162841797 3.0499999523162841797 3.9800000190734863281 3.9800000190734863281 3.7799999713897705078 3.7799999713897705078 4.5500001907348632812 4.5500001907348632812 3.8699998855590820312 3.8699998855590820312 3.4600000381469726562 3.4600000381469726562 3.4600000381469726562 3.5099999904632568359 3.5099999904632568359 3.0399999618530273438
2147483648 2147483648 2147483648 2147483648 2147483648 2147483648 2147483648 2147483648 2147483648 2147483648 2147483648 2147483648 2147483648 2147483648 2147483648 2147483648 2147483648 2147483648 2147483648 2147483648 2147483648 2147483648 2147483648 2147483648 2147483648 4.4400000572204589844 4.4400000572204589844 3.2699999809265136719 3.2699999809265136719 3.0499999523162841797 3.0499999523162841797 3.9800000190734863281 3.9800000190734863281 3.7799999713897705078 3.7799999713897705078 4.5500001907348632812 4.5500001907348632812 3.8699998855590820312 3.8699998855590820312 3.4600000381469726562 3.4600000381469726562 3.4600000381469726562 3.5099999904632568359 3.5099999904632568359 3.0399999618530273438
