tests/data/ascii/ascii-folder/1_MSWEP_1979.01.02.tif.asc
ncols        93
nrows        125
xllcorner    32239263.703880000859
yllcorner    5131081.422349999659
cellsize     5000.000000000000
NODATA_value  2147483648
[rows 60 to 79 of 125, columns 0 to 44 of 93]
1.4600000381469726562 1.4600000381469726562 1.5800000429153442383 1.5800000429153442383 1.8899999856948852539 1.8899999856948852539 1.9500000476837158203 1.9500000476837158203 1.9500000476837158203 1.8899999856948852539 1.8899999856948852539 2.2200000286102294922 2.2200000286102294922 2.2100000381469726562 2.2100000381469726562 2.4000000953674316406 2.4000000953674316406 2.4700000286102294922 2.4700000286102294922 2.5799999237060546875 2.5799999237060546875 2.25 2.25 2.2899999618530273438 2.2899999618530273438 2.5599999427795410156 2.5599999427795410156 3.0699999332427978516 3.0699999332427978516 3 3 3.0499999523162841797 3.0499999523162841797 3.5599999427795410156 3.5599999427795410156 4.0599999427795410156 4.0599999427795410156 3.4100000858306884766 3.4100000858306884766 3.4400000572204589844 3.4400000572204589844 3.4400000572204589844 3.3299999237060546875 3.3299999237060546875 3.5399999618530273438
2147483648 1.4600000381469726562 1.5800000429153442383 1.5800000429153442383 1.8899999856948852539 1.8899999856948852539 1.9500000476837158203 1.9500000476837158203 1.9500000476837158203 1.8899999856948852539 1.8899999856948852539 2.2200000286102294922 2.2200000286102294922 2.2100000381469726562 2.2100000381469726562 2.4000000953674316406 2.4000000953674316406 2.4700000286102294922 2.4700000286102294922 2.5799999237060546875 2.5799999237060546875 2.25 2.25 2.2899999618530273438 2.2899999618530273438 2.5599999427795410156 2.5599999427795410156 3.0699999332427978516 3.0699999332427978516 3 3 3.0499999523162841797 3.0499999523162841797 3.5599999427795410156 3.5599999427795410156 4.0599999427795410156 4.0599999427795410156 3.4100000858306884766 3.4100000858306884766 3.4400000572204589844 3.4400000572204589844 3.4400000572204589844 3.3299999237060546875 3.3299999237060546875 3.5399999618530273438
2147483648 2147483648 1.4299999475479125977 1.4299999475479125977 1.7200000286102294922 1.7200000286102294922 1.8200000524520874023 1.8200000524520874023 1.8200000524520874023 1.7799999713897705078 1.7799999713897705078 2.1400001049041748047 2.1400001049041748047 2.2400000095367431641 2.2400000095367431641 2.4900000095367431641 2.4900000095367431641 2.3900001049041748047 2.3900001049041748047 2.1800000667572021484 2.1800000667572021484 2.1600000858306884766 2.1600000858306884766 2.2100000381469726562 2.2100000381469726562 2.3699998855590820312 2.3699998855590820312 2.9600000381469726562 2.9600000381469726562 2.9000000953674316406 2.9000000953674316406 2.7000000476837158203 2.7000000476837158203 2.6900000572204589844 2.6900000572204589844 3.6199998855590820312 3.6199998855590820312 4.4400000572204589844 4.4400000572204589844 4.3600001335144042969 4.3600001335144042969 4.3600001335144042969 4.4400000572204589844 4.4400000572204589844 5.1500000953674316406
2147483648 2147483648 1.4299999475479125977 1.4299999475479125977 1.7200000286102294922 1.7200000286102294922 1.8200000524520874023 1.8200000524520874023 1.8200000524520874023 1.7799999713897705078 1.7799999713897705078 2.1400001049041748047 2.1400001049041748047 2.2400000095367431641 2.2400000095367431641 2.4900000095367431641 2.4900000095367431641 2.3900001049041748047 2.3900001049041748047 2.1800000667572021484 2.1800000667572021484 2.1600000858306884766 2.1600000858306884766 2.2100000381469726562 2.2100000381469726562 2.3699998855590820312 2.3699998855590820312 2.9600000381469726562 2.9600000381469726562 2.9000000953674316406 2.9000000953674316406 2.7000000476837158203 2.7000000476837158203 2.6900000572204589844 2.6900000572204589844 3.6199998855590820312 3.6199998855590820312 4.4400000572204589844 4.4400000572204589844 4.3600001335144042969 4.3600001335144042969 4.3600001335144042969 4.4400000572204589844 4.4400000572204589844 5.1500000953674316406
2147483648 2147483648 2147483648 1.4299999475479125977 1.7200000286102294922 1.7200000286102294922 1.8200000524520874023 1.8200000524520874023 1.8200000524520874023 1.7799999713897705078 1.7799999713897705078 2.1400001049041748047 2.1400001049041748047 2.2400000095367431641 2.2400000095367431641 2.4900000095367431641 2.4900000095367431641 2.3900001049041748047 2.3900001049041748047 2.1800000667572021484 2.1800000667572021484 2.1600000858306884766 2.1600000858306884766 2.2100000381469726562 2.2100000381469726562 2.3699998855590820312 2.3699998855590820312 2.9600000381469726562 2.9600000381469726562 2.9000000953674316406 2.9000000953674316406 2.7000000476837158203 2.7000000476837158203 2.6900000572204589844 2.6900000572204589844 3.6199998855590820312 3.6199998855590820312 4.4400000572204589844 4.4400000572204589844 4.3600001335144042969 4.3600001335144042969 4.3600001335144042969 4.4400000572204589844 4.4400000572204589844 5.1500000953674316406
2147483648 2147483648 2147483648 1.379999995231628418 1.6399999856948852539 1.6399999856948852539 1.7799999713897705078 1.7799999713897705078 1.7799999713897705078 1.7799999713897705078 1.7799999713897705078 2.4400000572204589844 2.4400000572204589844 2.4800000190734863281 2.4800000190734863281 2.5099999904632568359 2.5099999904632568359 2.2999999523162841797 2.2999999523162841797 2.5899999141693115234 2.5899999141693115234 2.5399999618530273438 2.5399999618530273438 2.5999999046325683594 2.5999999046325683594 2.7699999809265136719 2.7699999809265136719 2.75 2.75 2.5899999141693115234 2.5899999141693115234 2.5 2.5 2.5599999427795410156 2.5599999427795410156 3.6199998855590820312 3.6199998855590820312 4.4400000572204589844 4.4400000572204589844 4.3600001335144042969 4.3600001335144042969 4.3600001335144042969 4.4400000572204589844 4.4400000572204589844 5.1500000953674316406
2147483648 2147483648 2147483648 1.379999995231628418 1.6399999856948852539 1.6399999856948852539 1.7799999713897705078 1.7799999713897705078 1.7799999713897705078 1.7799999713897705078 1.7799999713897705078 2.4400000572204589844 2.4400000572204589844 2.4800000190734863281 2.4800000190734863281 2.5099999904632568359 2.5099999904632568359 2.2999999523162841797 2.2999999523162841797 2.5899999141693115234 2.5899999141693115234 2.5399999618530273438 2.5399999618530273438 2.5999999046325683594 2.5999999046325683594 2.7699999809265136719 2.7699999809265136719 2.75 2.75 2.5899999141693115234 2.5899999141693115234 2.5 2.5 2.5599999427795410156 2.5599999427795410156 3.6199998855590820312 3.6199998855590820312 4.4400000572204589844 4.4400000572204589844 4.3600001335144042969 4.3600001335144042969 4.3600001335144042969 4.4400000572204589844 4.4400000572204589844 5.1500000953674316406
2147483648 2147483648 1.2599999904632568359 1.2599999904632568359 1.6000000238418579102 1.6000000238418579102 1.629999995231628418 1.629999995231628418 1.629999995231628418 1.7599999904632568359 1.7599999904632568359 2.4900000095367431641 2.4900000095367431641 2.4400000572204589844 2.4400000572204589844 2.4200000762939453125 2.4200000762939453125 2.1800000667572021484 2.1800000667572021484 2.4900000095367431641 2.4900000095367431641 2.5599999427795410156 2.5599999427795410156 2.6099998950958251953 2.6099998950958251953 2.8499999046325683594 2.8499999046325683594 2.75 2.75 2.4400000572204589844 2.4400000572204589844 2.5 2.5 2.5599999427795410156 2.5599999427795410156 3.1099998950958251953 3.1099998950958251953 3.8499999046325683594 3.8499999046325683594 3.7899999618530273438 3.7899999618530273438 3.7899999618530273438 4.9800000190734863281 4.9800000190734863281 6.1300001144409179688
2147483648 2147483648 1.2599999904632568359 1.2599999904632568359 1.6000000238418579102 1.6000000238418579102 1.629999995231628418 1.629999995231628418 1.629999995231628418 1.7599999904632568359 1.7599999904632568359 2.4900000095367431641 2.4900000095367431641 2.4400000572204589844 2.4400000572204589844 2.4200000762939453125 2.4200000762939453125 2.1800000667572021484 2.1800000667572021484 2.4900000095367431641 2.4900000095367431641 2.5599999427795410156 2.5599999427795410156 2.6099998950958251953 2.6099998950958251953 2.8499999046325683594 2.8499999046325683594 2.75 2.75 2.4400000572204589844 2.4400000572204589844 2.5 2.5 2.5599999427795410156 2.5599999427795410156 3.1099998950958251953 3.1099998950958251953 3.8499999046325683594 3.8499999046325683594 3.7899999618530273438 3.7899999618530273438 3.7899999618530273438 4.9800000190734863281 4.9800000190734863281 6.1300001144409179688
2147483648 2147483648 2147483648 1.2799999713897705078 1.6599999666213989258 1.6599999666213989258 1.6799999475479125977 1.6799999475479125977 1.6799999475479125977 2.2699999809265136719 2.2699999809265136719 2.4100000858306884766 2.4100000858306884766 2.4400000572204589844 2.4400000572204589844 2.5 2.5 2.25 2.25 2.5399999618530273438 2.5399999618530273438 2.5599999427795410156 2.5599999427795410156 2.6099998950958251953 2.6099998950958251953 2.8499999046325683594 2.8499999046325683594 2.7100000381469726562 2.7100000381469726562 2.4400000572204589844 2.4400000572204589844 2.5099999904632568359 2.5099999904632568359 2.6500000953674316406 2.6500000953674316406 3.3800001144409179688 3.3800001144409179688 4.2899999618530273438 4.2899999618530273438 5.6700000762939453125 5.6700000762939453125 5.6700000762939453125 5.9899997711181640625 5.9899997711181640625 8.9399995803833007812
2147483648 2147483648 2147483648 2147483648 2147483648 1.6599999666213989258 1.6799999475479125977 1.6799999475479125977 1.6799999475479125977 2.2699999809265136719 2.2699999809265136719 2.4100000858306884766 2.4100000858306884766 2.4400000572204589844 2.4400000572204589844 2.5 2.5 2.25 2.25 2.5399999618530273438 2.5399999618530273438 2.5599999427795410156 2.5599999427795410156 2.6099998950958251953 2.6099998950958251953 2.8499999046325683594 2.8499999046325683594 2.7100000381469726562 2.7100000381469726562 2.4400000572204589844 2.4400000572204589844 2.5099999904632568359 2.5099999904632568359 2.6500000953674316406 2.6500000953674316406 3.3800001144409179688 3.3800001144409179688 4.2899999618530273438 4.2899999618530273438 5.6700000762939453125 5.6700000762939453125 5.6700000762939453125 5.9899997711181640625 5.9899997711181640625 8.9399995803833007812
2147483648 2147483648 2147483648 2147483648 1.7000000476837158203 1.7000000476837158203 1.8099999427795410156 1.8099999427795410156 1.8099999427795410156 2.2000000476837158203 2.2000000476837158203 2.5499999523162841797 2.5499999523162841797 2.5099999904632568359 2.5099999904632568359 2.5 2.5 2.25 2.25 2.5399999618530273438 2.5399999618530273438 2.5699999332427978516 2.5699999332427978516 2.6600000858306884766 2.6600000858306884766 3.3299999237060546875 3.3299999237060546875 2.8499999046325683594 2.8499999046325683594 2.3499999046325683594 2.3499999046325683594 2.4400000572204589844 2.4400000572204589844 2.7400000095367431641 2.7400000095367431641 3.3499999046325683594 3.3499999046325683594 3.8900001049041748047 3.8900001049041748047 8.1999998092651367188 8.1999998092651367188 8.1999998092651367188 7.3499999046325683594 7.3499999046325683594 7.8800001144409179688
2147483648 2147483648 2147483648 2147483648 1.7000000476837158203 1.7000000476837158203 1.8099999427795410156 1.8099999427795410156 1.8099999427795410156 2.2000000476837158203 2.2000000476837158203 2.5499999523162841797 2.5499999523162841797 2.5099999904632568359 2.5099999904632568359 2.5 2.5 2.25 2.25 2.5399999618530273438 2.5399999618530273438 2.5699999332427978516 2.5699999332427978516 2.6600000858306884766 2.6600000858306884766 3.3299999237060546875 3.3299999237060546875 2.8499999046325683594 2.8499999046325683594 2.3499999046325683594 2.3499999046325683594 2.4400000572204589844 2.4400000572204589844 2.7400000095367431641 2.7400000095367431641 3.3499999046325683594 3.3499999046325683594 3.8900001049041748047 3.8900001049041748047 8.1999998092651367188 8.1999998092651367188 8.1999998092651367188 7.3499999046325683594 7.3499999046325683594 7.8800001144409179688
2147483648 2147483648 2147483648 2147483648 2147483648 2147483648 1.9900000095367431641 1.9900000095367431641 1.9900000095367431641 2.7400000095367431641 2.7400000095367431641 2.5499999523162841797 2.5499999523162841797 2.5099999904632568359 2.5099999904632568359 2.5699999332427978516 2.5699999332427978516 2.2999999523162841797 2.2999999523162841797 2.5099999904632568359 2.5099999904632568359 2.5999999046325683594 2.5999999046325683594 2.9300000667572021484 2.9300000667572021484 3.7200000286102294922 3.7200000286102294922 2.9300000667572021484 2.9300000667572021484 2.4100000858306884766 2.4100000858306884766 2.3900001049041748047 2.3900001049041748047 2.6500000953674316406 2.6500000953674316406 3.2999999523162841797 3.2999999523162841797 4.2600002288818359375 4.2600002288818359375 7.6799998283386230469 7.6799998283386230469 7.6799998283386230469 5.909999847412109375 5.909999847412109375 6.25
2147483648 2147483648 2147483648 2147483648 2147483648 2147483648 1.9900000095367431641 1.9900000095367431641 1.9900000095367431641 2.7400000095367431641 2.7400000095367431641 2.5499999523162841797 2.5499999523162841797 2.5099999904632568359 2.5099999904632568359 2.5699999332427978516 2.5699999332427978516 2.2999999523162841797 2.2999999523162841797 2.5099999904632568359 2.5099999904632568359 2.5999999046325683594 2.5999999046325683594 2.9300000667572021484 2.9300000667572021484 3.7200000286102294922 3.7200000286102294922 2.9300000667572021484 2.9300000667572021484 2.4100000858306884766 2.4100000858306884766 2.3900001049041748047 2.3900001049041748047 2.6500000953674316406 2.6500000953674316406 3.2999999523162841797 3.2999999523162841797 4.2600002288818359375 4.2600002288818359375 7.6799998283386230469 7.6799998283386230469 7.6799998283386230469 5.909999847412109375 5.909999847412109375 6.25
2147483648 2147483648 2147483648 2147483648 2147483648 2147483648 1.9900000095367431641 1.9900000095367431641 1.9900000095367431641 2.7400000095367431641 2.7400000095367431641 3.0799999237060546875 3.0799999237060546875 3.0599999427795410156 3.0599999427795410156 3.3099999427795410156 3.3099999427795410156 3.3299999237060546875 3.3299999237060546875 3.25 3.25 3.5 3.5 4.0199999809265136719 4.0199999809265136719 5.1399998664855957031 5.1399998664855957031 5.3200001716613769531 5.3200001716613769531 2.7999999523162841797 2.7999999523162841797 2.8900001049041748047 2.8900001049041748047 3.0899999141693115234 3.0899999141693115234 3.9900000095367431641 3.9900000095367431641 5.4299998283386230469 5.4299998283386230469 7.340000152587890625 7.340000152587890625 7.340000152587890625 6.5599999427795410156 6.5599999427795410156 5.9400000572204589844
2147483648 2147483648 2147483648 2147483648 2147483648 2147483648 1.9900000095367431641 1.9900000095367431641 1.9900000095367431641 2.7400000095367431641 2.7400000095367431641 3.0799999237060546875 3.0799999237060546875 3.0599999427795410156 3.0599999427795410156 3.3099999427795410156 3.3099999427795410156 3.3299999237060546875 3.3299999237060546875 3.25 3.25 3.5 3.5 4.0199999809265136719 4.0199999809265136719 5.1399998664855957031 5.1399998664855957031 5.3200001716613769531 5.3200001716613769531 2.7999999523162841797 2.7999999523162841797 2.8900001049041748047 2.8900001049041748047 3.0899999141693115234 3.0899999141693115234 3.9900000095367431641 3.9900000095367431641 5.4299998283386230469 5.4299998283386230469 7.340000152587890625 7.340000152587890625 7.340000152587890625 6.5599999427795410156 6.5599999427795410156 5.9400000572204589844
2147483648 2147483648 2147483648 2147483648 2147483648 2147483648 2 2 2 3.1300001144409179688 3.1300001144409179688 3.5099999904632568359 3.5099999904632568359 3.5599999427795410156 3.5599999427795410156 3.7699999809265136719 3.7699999809265136719 3.4800000190734863281 3.4800000190734863281 3.4400000572204589844 3.4400000572204589844 3.4800000190734863281 3.4800000190734863281 4.2899999618530273438 4.2899999618530273438 5.0799999237060546875 5.0799999237060546875 3.5499999523162841797 3.5499999523162841797 2.6300001144409179688 2.6300001144409179688 2.7599999904632568359 2.7599999904632568359 2.9700000286102294922 2.9700000286102294922 3.4100000858306884766 3.4100000858306884766 3.7899999618530273438 3.7899999618530273438 4.2600002288818359375 4.2600002288818359375 4.2600002288818359375 4.1300001144409179688 4.1300001144409179688 3.9300000667572021484
2147483648 2147483648 2147483648 2147483648 2147483648 2147483648 2147483648 2147483648 2 3.1300001144409179688 3.1300001144409179688 3.5099999904632568359 3.5099999904632568359 3.5599999427795410156 3.5599999427795410156 3.7699999809265136719 3.7699999809265136719 3.4800000190734863281 3.4800000190734863281 3.4400000572204589844 3.4400000572204589844 3.4800000190734863281 3.4800000190734863281 4.2899999618530273438 4.2899999618530273438 5.0799999237060546875 5.0799999237060546875 3.5499999523162841797 3.5499999523162841797 2.6300001144409179688 2.6300001144409179688 2.7599999904632568359 2.7599999904632568359 2.9700000286102294922 2.9700000286102294922 3.4100000858306884766 3.4100000858306884766 3.7899999618530273438 3.7899999618530273438 4.2600002288818359375 4.2600002288818359375 4.2600002288818359375 4.1300001144409179688 4.1300001144409179688 3.9300000667572021484
2147483648 2147483648 2147483648 2147483648 2147483648 2147483648 2147483648 2147483648 2.3299999237060546875 3.5499999523162841797 3.5499999523162841797 3.9800000190734863281 3.9800000190734863281 4.0100002288818359375 4.0100002288818359375 3.2400000095367431641 3.2400000095367431641 3.2599999904632568359 3.2599999904632568359 3.6300001144409179688 3.6300001144409179688 3.8399999141693115234 3.8399999141693115234 5.3800001144409179688 5.3800001144409179688 4.9000000953674316406 4.9000000953674316406 3.0099999904632568359 3.0099999904632568359 3.0799999237060546875 3.0799999237060546875 3.0099999904632568359 3.0099999904632568359 3.2599999904632568359 3.2599999904632568359 3.2799999713897705078 3.2799999713897705078 4.1900000572204589844 4.1900000572204589844 4.5500001907348632812 4.5500001907348632812 4.5500001907348632812 4.090000152587890625 4.090000152587890625 3.9600000381469726562
