tests/data/ascii/ascii-folder/1_MSWEP_1979.01.02.tif.asc
ncols        93
nrows        125
xllcorner    32239263.703880000859
yllcorner    5131081.422349999659
cellsize     5000.000000000000
NODATA_value  2147483648
[rows 40 to 59 of 125, columns 0 to 44 of 93]
2147483648 2147483648 2147483648 2147483648 2147483648 2147483648 2147483648 4.1900000572204589844 4.1900000572204589844 3.9700000286102294922 3.9700000286102294922 4.0300002098083496094 4.0300002098083496094 4.0100002288818359375 4.0100002288818359375 3.9300000667572021484 3.9300000667572021484 3.4600000381469726562 3.4600000381469726562 3.5499999523162841797 3.5499999523162841797 3.3099999427795410156 3.3099999427795410156 3.4800000190734863281 3.4800000190734863281 3.2100000381469726562 3.2100000381469726562 3.8499999046325683594 3.8499999046325683594 3.5799999237060546875 3.5799999237060546875 3.0299999713897705078 3.0299999713897705078 2.6500000953674316406 2.6500000953674316406 2.9800000190734863281 2.9800000190734863281 3.1900000572204589844 3.1900000572204589844 2.9000000953674316406 2.9000000953674316406 2.9000000953674316406 2.6500000953674316406 2.6500000953674316406 2.0499999523162841797
2147483648 2147483648 2147483648 2147483648 2147483648 2147483648 4.1900000572204589844 4.1900000572204589844 4.1900000572204589844 3.9700000286102294922 3.9700000286102294922 4.0300002098083496094 4.0300002098083496094 4.0100002288818359375 4.0100002288818359375 3.9300000667572021484 3.9300000667572021484 3.4600000381469726562 3.4600000381469726562 3.5499999523162841797 3.5499999523162841797 3.3099999427795410156 3.3099999427795410156 3.4800000190734863281 3.4800000190734863281 3.2100000381469726562 3.2100000381469726562 3.8499999046325683594 3.8499999046325683594 3.5799999237060546875 3.5799999237060546875 3.0299999713897705078 3.0299999713897705078 2.6500000953674316406 2.6500000953674316406 2.9800000190734863281 2.9800000190734863281 3.1900000572204589844 3.1900000572204589844 2.9000000953674316406 2.9000000953674316406 2.9000000953674316406 2.6500000953674316406 2.6500000953674316406 2.0499999523162841797
2147483648 2147483648 2147483648 2147483648 4.4699997901916503906 4.4699997901916503906 4.3200001716613769531 4.3200001716613769531 4.3200001716613769531 3.7699999809265136719 3.7699999809265136719 3.9500000476837158203 3.9500000476837158203 3.9400000572204589844 3.9400000572204589844 3.9700000286102294922 3.9700000286102294922 3.4900000095367431641 3.4900000095367431641 3.5499999523162841797 3.5499999523162841797 3.3099999427795410156 3.3099999427795410156 3.7899999618530273438 3.7899999618530273438 3.9200000762939453125 3.9200000762939453125 3.6199998855590820312 3.6199998855590820312 3.2899999618530273438 3.2899999618530273438 3.3499999046325683594 3.3499999046325683594 2.7799999713897705078 2.7799999713897705078 2.7899999618530273438 2.7899999618530273438 2.3299999237060546875 2.3299999237060546875 2.5 2.5 2.5 2.1300001144409179688 2.1300001144409179688 1.7999999523162841797
2147483648 2147483648 2147483648 4.6500000953674316406 4.4699997901916503906 4.4699997901916503906 4.3200001716613769531 4.3200001716613769531 4.3200001716613769531 3.7699999809265136719 3.7699999809265136719 3.9500000476837158203 3.9500000476837158203 3.9400000572204589844 3.9400000572204589844 3.9700000286102294922 3.9700000286102294922 3.4900000095367431641 3.4900000095367431641 3.5499999523162841797 3.5499999523162841797 3.3099999427795410156 3.3099999427795410156 3.7899999618530273438 3.7899999618530273438 3.9200000762939453125 3.9200000762939453125 3.6199998855590820312 3.6199998855590820312 3.2899999618530273438 3.2899999618530273438 3.3499999046325683594 3.3499999046325683594 2.7799999713897705078 2.7799999713897705078 2.7899999618530273438 2.7899999618530273438 2.3299999237060546875 2.3299999237060546875 2.5 2.5 2.5 2.1300001144409179688 2.1300001144409179688 1.7999999523162841797
2147483648 2147483648 4.3099999427795410156 4.3099999427795410156 4.2300000190734863281 4.2300000190734863281 3.8199999332427978516 3.8199999332427978516 3.8199999332427978516 3.6300001144409179688 3.6300001144409179688 3.7300000190734863281 3.7300000190734863281 3.9400000572204589844 3.9400000572204589844 3.9700000286102294922 3.9700000286102294922 3.4600000381469726562 3.4600000381469726562 3.4500000476837158203 3.4500000476837158203 3.5899999141693115234 3.5899999141693115234 4.7699999809265136719 4.7699999809265136719 4.8299999237060546875 4.8299999237060546875 3.6199998855590820312 3.6199998855590820312 3.3099999427795410156 3.3099999427795410156 2.8699998855590820312 2.8699998855590820312 2.4000000953674316406 2.4000000953674316406 2.8099999427795410156 2.8099999427795410156 2.5 2.5 2.4500000476837158203 2.4500000476837158203 2.4500000476837158203 2.2400000095367431641 2.2400000095367431641 1.8099999427795410156
2147483648 2147483648 4.3099999427795410156 4.3099999427795410156 4.2300000190734863281 4.2300000190734863281 3.8199999332427978516 3.8199999332427978516 3.8199999332427978516 3.6300001144409179688 3.6300001144409179688 3.7300000190734863281 3.7300000190734863281 3.9400000572204589844 3.9400000572204589844 3.9700000286102294922 3.9700000286102294922 3.4600000381469726562 3.4600000381469726562 3.4500000476837158203 3.4500000476837158203 3.5899999141693115234 3.5899999141693115234 4.7699999809265136719 4.7699999809265136719 4.8299999237060546875 4.8299999237060546875 3.6199998855590820312 3.6199998855590820312 3.3099999427795410156 3.3099999427795410156 2.8699998855590820312 2.8699998855590820312 2.4000000953674316406 2.4000000953674316406 2.8099999427795410156 2.8099999427795410156 2.5 2.5 2.4500000476837158203 2.4500000476837158203 2.4500000476837158203 2.2400000095367431641 2.2400000095367431641 1.8099999427795410156
2147483648 2147483648 2147483648 2147483648 2147483648 2147483648 4.0999999046325683594 4.0999999046325683594 4.0999999046325683594 3.6300001144409179688 3.6300001144409179688 3.7300000190734863281 3.7300000190734863281 3.8099999427795410156 3.8099999427795410156 4 4 3.4200000762939453125 3.4200000762939453125 3.8299999237060546875 3.8299999237060546875 4.340000152587890625 4.340000152587890625 5.340000152587890625 5.340000152587890625 5.4899997711181640625 5.4899997711181640625 4.8499999046325683594 4.8499999046325683594 3.2899999618530273438 3.2899999618530273438 3.1400001049041748047 3.1400001049041748047 2.8499999046325683594 2.8499999046325683594 3.0999999046325683594 3.0999999046325683594 2.7799999713897705078 2.7799999713897705078 2.75 2.75 2.75 2.5499999523162841797 2.5499999523162841797 2.1099998950958251953
2147483648 2147483648 2147483648 2147483648 2147483648 4.2800002098083496094 4.0999999046325683594 4.0999999046325683594 4.0999999046325683594 3.6300001144409179688 3.6300001144409179688 3.7300000190734863281 3.7300000190734863281 3.8099999427795410156 3.8099999427795410156 4 4 3.4200000762939453125 3.4200000762939453125 3.8299999237060546875 3.8299999237060546875 4.340000152587890625 4.340000152587890625 5.340000152587890625 5.340000152587890625 5.4899997711181640625 5.4899997711181640625 4.8499999046325683594 4.8499999046325683594 3.2899999618530273438 3.2899999618530273438 3.1400001049041748047 3.1400001049041748047 2.8499999046325683594 2.8499999046325683594 3.0999999046325683594 3.0999999046325683594 2.7799999713897705078 2.7799999713897705078 2.75 2.75 2.75 2.5499999523162841797 2.5499999523162841797 2.1099998950958251953
2147483648 2147483648 2147483648 2147483648 4.2800002098083496094 4.2800002098083496094 3.9100000858306884766 3.9100000858306884766 3.9100000858306884766 3.7999999523162841797 3.7999999523162841797 3.75 3.75 3.7899999618530273438 3.7899999618530273438 4.0199999809265136719 4.0199999809265136719 3.9800000190734863281 3.9800000190734863281 4.4000000953674316406 4.4000000953674316406 4.8499999046325683594 4.8499999046325683594 5.1799998283386230469 5.1799998283386230469 4.7399997711181640625 4.7399997711181640625 4.8200001716613769531 4.8200001716613769531 4.0700001716613769531 4.0700001716613769531 3.1700000762939453125 3.1700000762939453125 3.0799999237060546875 3.0799999237060546875 3.5899999141693115234 3.5899999141693115234 2.9000000953674316406 2.9000000953674316406 2.9200000762939453125 2.9200000762939453125 2.9200000762939453125 2.5499999523162841797 2.5499999523162841797 2.1800000667572021484
2147483648 2147483648 2147483648 2147483648 2147483648 2147483648 3.9100000858306884766 3.9100000858306884766 3.9100000858306884766 3.7999999523162841797 3.7999999523162841797 3.75 3.75 3.7899999618530273438 3.7899999618530273438 4.0199999809265136719 4.0199999809265136719 3.9800000190734863281 3.9800000190734863281 4.4000000953674316406 4.4000000953674316406 4.8499999046325683594 4.8499999046325683594 5.1799998283386230469 5.1799998283386230469 4.7399997711181640625 4.7399997711181640625 4.8200001716613769531 4.8200001716613769531 4.0700001716613769531 4.0700001716613769531 3.1700000762939453125 3.1700000762939453125 3.0799999237060546875 3.0799999237060546875 3.5899999141693115234 3.5899999141693115234 2.9000000953674316406 2.9000000953674316406 2.9200000762939453125 2.9200000762939453125 2.9200000762939453125 2.5499999523162841797 2.5499999523162841797 2.1800000667572021484
2147483648 2147483648 2147483648 2147483648 2147483648 2147483648 3.8900001049041748047 3.8900001049041748047 3.8900001049041748047 3.9900000095367431641 3.9900000095367431641 3.8699998855590820312 3.8699998855590820312 3.9000000953674316406 3.9000000953674316406 4.25 4.25 4.0300002098083496094 4.0300002098083496094 4.5 4.5 4.5700001716613769531 4.5700001716613769531 4.75 4.75 4.5399999618530273438 4.5399999618530273438 4.2399997711181640625 4.2399997711181640625 3.7200000286102294922 3.7200000286102294922 3.4200000762939453125 3.4200000762939453125 3.25 3.25 3.0899999141693115234 3.0899999141693115234 2.5999999046325683594 2.5999999046325683594 2.5699999332427978516 2.5699999332427978516 2.5699999332427978516 2.6400001049041748047 2.6400001049041748047 2.2899999618530273438
2147483648 2147483648 2147483648 2147483648 2147483648 2147483648 2147483648 2147483648 3.8900001049041748047 3.9900000095367431641 3.9900000095367431641 3.8699998855590820312 3.8699998855590820312 3.9000000953674316406 3.9000000953674316406 4.25 4.25 4.0300002098083496094 4.0300002098083496094 4.5 4.5 4.5700001716613769531 4.5700001716613769531 4.75 4.75 4.5399999618530273438 4.5399999618530273438 4.2399997711181640625 4.2399997711181640625 3.7200000286102294922 3.7200000286102294922 3.4200000762939453125 3.4200000762939453125 3.25 3.25 3.0899999141693115234 3.0899999141693115234 2.5999999046325683594 2.5999999046325683594 2.5699999332427978516 2.5699999332427978516 2.5699999332427978516 2.6400001049041748047 2.6400001049041748047 2.2899999618530273438
2147483648 2147483648 2147483648 2147483648 2147483648 2147483648 2147483648 2147483648 3.0899999141693115234 2.9500000476837158203 2.9500000476837158203 2.9000000953674316406 2.9000000953674316406 2.8299999237060546875 2.8299999237060546875 3.1199998855590820312 3.1199998855590820312 3.3399999141693115234 3.3399999141693115234 3.4400000572204589844 3.4400000572204589844 3.5899999141693115234 3.5899999141693115234 3.8199999332427978516 3.8199999332427978516 3.7000000476837158203 3.7000000476837158203 3.6099998950958251953 3.6099998950958251953 3.2599999904632568359 3.2599999904632568359 3.1800000667572021484 3.1800000667572021484 3.1400001049041748047 3.1400001049041748047 3.4900000095367431641 3.4900000095367431641 3.1700000762939453125 3.1700000762939453125 2.9300000667572021484 2.9300000667572021484 2.9300000667572021484 2.8499999046325683594 2.8499999046325683594 3.0799999237060546875
2147483648 2147483648 2147483648 2147483648 2147483648 2147483648 2147483648 2147483648 3.0899999141693115234 2.9500000476837158203 2.9500000476837158203 2.9000000953674316406 2.9000000953674316406 2.8299999237060546875 2.8299999237060546875 3.1199998855590820312 3.1199998855590820312 3.3399999141693115234 3.3399999141693115234 3.4400000572204589844 3.4400000572204589844 3.5899999141693115234 3.5899999141693115234 3.8199999332427978516 3.8199999332427978516 3.7000000476837158203 3.7000000476837158203 3.6099998950958251953 3.6099998950958251953 3.2599999904632568359 3.2599999904632568359 3.1800000667572021484 3.1800000667572021484 3.1400001049041748047 3.1400001049041748047 3.4900000095367431641 3.4900000095367431641 3.1700000762939453125 3.1700000762939453125 2.9300000667572021484 2.9300000667572021484 2.9300000667572021484 2.8499999046325683594 2.8499999046325683594 3.0799999237060546875
2147483648 2147483648 2147483648 2147483648 2147483648 2147483648 2147483648 2147483648 2.7799999713897705078 2.7200000286102294922 2.7200000286102294922 2.6900000572204589844 2.6900000572204589844 2.7599999904632568359 2.7599999904632568359 2.8900001049041748047 2.8900001049041748047 3.2899999618530273438 3.2899999618530273438 3.2699999809265136719 3.2699999809265136719 3.4900000095367431641 3.4900000095367431641 3.7200000286102294922 3.7200000286102294922 3.5099999904632568359 3.5099999904632568359 3.6400001049041748047 3.6400001049041748047 3.4900000095367431641 3.4900000095367431641 3.5199999809265136719 3.5199999809265136719 3.6099998950958251953 3.6099998950958251953 3.75 3.75 3.4900000095367431641 3.4900000095367431641 2.8900001049041748047 2.8900001049041748047 2.8900001049041748047 2.7000000476837158203 2.7000000476837158203 2.9600000381469726562
2147483648 2147483648 2147483648 2147483648 2147483648 2147483648 2147483648 2147483648 2.7799999713897705078 2.7200000286102294922 2.7200000286102294922 2.6900000572204589844 2.6900000572204589844 2.7599999904632568359 2.7599999904632568359 2.8900001049041748047 2.8900001049041748047 3.2899999618530273438 3.2899999618530273438 3.2699999809265136719 3.2699999809265136719 3.4900000095367431641 3.4900000095367431641 3.7200000286102294922 3.7200000286102294922 3.5099999904632568359 3.5099999904632568359 3.6400001049041748047 3.6400001049041748047 3.4900000095367431641 3.4900000095367431641 3.5199999809265136719 3.5199999809265136719 3.6099998950958251953 3.6099998950958251953 3.75 3.75 3.4900000095367431641 3.4900000095367431641 2.8900001049041748047 2.8900001049041748047 2.8900001049041748047 2.7000000476837158203 2.7000000476837158203 2.9600000381469726562
2147483648 2147483648 2147483648 2147483648 2147483648 2147483648 2.0799999237060546875 2.0799999237060546875 2.0799999237060546875 2.0799999237060546875 2.0799999237060546875 2.2799999713897705078 2.2799999713897705078 2.4700000286102294922 2.4700000286102294922 2.4300000667572021484 2.4300000667572021484 2.7899999618530273438 2.7899999618530273438 2.8599998950958251953 2.8599998950958251953 2.8599998950958251953 2.8599998950958251953 3.0099999904632568359 3.0099999904632568359 3.0899999141693115234 3.0899999141693115234 3.5699999332427978516 3.5699999332427978516 3.4100000858306884766 3.4100000858306884766 3.5699999332427978516 3.5699999332427978516 3.5599999427795410156 3.5599999427795410156 3.9600000381469726562 3.9600000381469726562 3.4800000190734863281 3.4800000190734863281 2.7400000095367431641 2.7400000095367431641 2.7400000095367431641 2.7000000476837158203 2.7000000476837158203 3.1300001144409179688
2147483648 2147483648 2147483648 2147483648 2147483648 2147483648 2.0799999237060546875 2.0799999237060546875 2.0799999237060546875 2.0799999237060546875 2.0799999237060546875 2.2799999713897705078 2.2799999713897705078 2.4700000286102294922 2.4700000286102294922 2.4300000667572021484 2.4300000667572021484 2.7899999618530273438 2.7899999618530273438 2.8599998950958251953 2.8599998950958251953 2.8599998950958251953 2.8599998950958251953 3.0099999904632568359 3.0099999904632568359 3.0899999141693115234 3.0899999141693115234 3.5699999332427978516 3.5699999332427978516 3.4100000858306884766 3.4100000858306884766 3.5699999332427978516 3.5699999332427978516 3.5599999427795410156 3.5599999427795410156 3.9600000381469726562 3.9600000381469726562 3.4800000190734863281 3.4800000190734863281 2.7400000095367431641 2.7400000095367431641 2.7400000095367431641 2.7000000476837158203 2.7000000476837158203 3.1300001144409179688
1.4800000190734863281 1.4800000190734863281 1.5900000333786010742 1.5900000333786010742 2147483648 2147483648 1.9800000190734863281 1.9800000190734863281 1.9800000190734863281 2 2 2.1600000858306884766 2.1600000858306884766 2.2799999713897705078 2.2799999713897705078 2.4100000858306884766 2.4100000858306884766 2.6400001049041748047 2.6400001049041748047 2.7200000286102294922 2.7200000286102294922 2.6900000572204589844 2.6900000572204589844 2.7200000286102294922 2.7200000286102294922 2.7000000476837158203 2.7000000476837158203 3.1500000953674316406 3.1500000953674316406 3.3900001049041748047 3.3900001049041748047 3.6300001144409179688 3.6300001144409179688 3.0899999141693115234 3.0899999141693115234 3.7899999618530273438 3.7899999618530273438 3.0699999332427978516 3.0699999332427978516 3.0799999237060546875 3.0799999237060546875 3.0799999237060546875 3.0599999427795410156 3.0599999427795410156 3.2000000476837158203
1.4800000190734863281 1.4800000190734863281 1.5900000333786010742 1.5900000333786010742 1.9800000190734863281 1.9800000190734863281 1.9800000190734863281 1.9800000190734863281 1.9800000190734863281 2 2 2.1600000858306884766 2.1600000858306884766 2.2799999713897705078 2.2799999713897705078 2.4100000858306884766 2.4100000858306884766 2.6400001049041748047 2.6400001049041748047 2.7200000286102294922 2.7200000286102294922 2.6900000572204589844 2.6900000572204589844 2.7200000286102294922 2.7200000286102294922 2.7000000476837158203 2.7000000476837158203 3.1500000953674316406 3.1500000953674316406 3.3900001049041748047 3.3900001049041748047 3.6300001144409179688 3.6300001144409179688 3.0899999141693115234 3.0899999141693115234 3.7899999618530273438 3.7899999618530273438 3.0699999332427978516 3.0699999332427978516 3.0799999237060546875 3.0799999237060546875 3.0799999237060546875 3.0599999427795410156 3.0599999427795410156 3.2000000476837158203
