tests/data/ascii/ascii-folder/1_MSWEP_1979.01.02.tif.asc
ncols        93
nrows        125
xllcorner    32239263.703880000859
yllcorner    5131081.422349999659
cellsize     5000.000000000000
NODATA_value  2147483648
[rows 100 to 119 of 125, columns 0 to 44 of 93]
2147483648 2147483648 2147483648 2147483648 2147483648 2147483648 2147483648 2147483648 2147483648 2147483648 2147483648 2147483648 2147483648 2147483648 2147483648 2147483648 2147483648 2147483648 2147483648 2147483648 2147483648 2147483648 2147483648 2147483648 2147483648 4.7100000381469726562 4.7100000381469726562 4.0300002098083496094 4.0300002098083496094 4.659999847412109375 4.659999847412109375 4.7300000190734863281 4.7300000190734863281 3.9400000572204589844 3.9400000572204589844 3.7999999523162841797 3.7999999523162841797 3.6900000572204589844 3.6900000572204589844 3.8900001049041748047 3.8900001049041748047 3.8900001049041748047 3.6400001049041748047 3.6400001049041748047 3.3299999237060546875
2147483648 2147483648 2147483648 2147483648 2147483648 2147483648 2147483648 2147483648 2147483648 2147483648 2147483648 2147483648 2147483648 2147483648 2147483648 2147483648 2147483648 2147483648 2147483648 2147483648 2147483648 2147483648 2147483648 2147483648 2147483648 4.7100000381469726562 4.7100000381469726562 4.0300002098083496094 4.0300002098083496094 4.659999847412109375 4.659999847412109375 4.7300000190734863281 4.7300000190734863281 3.9400000572204589844 3.9400000572204589844 3.7999999523162841797 3.7999999523162841797 3.6900000572204589844 3.6900000572204589844 3.8900001049041748047 3.8900001049041748047 3.8900001049041748047 3.6400001049041748047 3.6400001049041748047 3.3299999237060546875
2147483648 2147483648 2147483648 2147483648 2147483648 2147483648 2147483648 2147483648 2147483648 2147483648 2147483648 2147483648 2147483648 2147483648 2147483648 2147483648 2147483648 2147483648 2147483648 2147483648 2147483648 2147483648 2147483648 3.9500000476837158203 3.9500000476837158203 4.1900000572204589844 4.1900000572204589844 4.159999847412109375 4.159999847412109375 3.5899999141693115234 3.5899999141693115234 3.2699999809265136719 3.2699999809265136719 2.9900000095367431641 2.9900000095367431641 3.2000000476837158203 3.2000000476837158203 3.0799999237060546875 3.0799999237060546875 3.2400000095367431641 3.2400000095367431641 3.2400000095367431641 3.2000000476837158203 3.2000000476837158203 2.25
2147483648 2147483648 2147483648 2147483648 2147483648 2147483648 2147483648 2147483648 2147483648 2147483648 2147483648 2147483648 2147483648 2147483648 2147483648 2147483648 2147483648 2147483648 2147483648 2147483648 2147483648 2147483648 4.0399999618530273438 3.9500000476837158203 3.9500000476837158203 4.1900000572204589844 4.1900000572204589844 4.159999847412109375 4.159999847412109375 3.5899999141693115234 3.5899999141693115234 3.2699999809265136719 3.2699999809265136719 2.9900000095367431641 2.9900000095367431641 3.2000000476837158203 3.2000000476837158203 3.0799999237060546875 3.0799999237060546875 3.2400000095367431641 3.2400000095367431641 3.2400000095367431641 3.2000000476837158203 3.2000000476837158203 2.25
2147483648 2147483648 2147483648 2147483648 2147483648 2147483648 2147483648 2147483648 2147483648 2147483648 2147483648 2147483648 2147483648 2147483648 2147483648 2147483648 2147483648 2147483648 2147483648 2147483648 2147483648 2147483648 4.0999999046325683594 3.9600000381469726562 3.9600000381469726562 3.1900000572204589844 3.1900000572204589844 2.9000000953674316406 2.9000000953674316406 2.9000000953674316406 2.9000000953674316406 3.0699999332427978516 3.0699999332427978516 3.2799999713897705078 3.2799999713897705078 3.3699998855590820312 3.3699998855590820312 3.3599998950958251953 3.3599998950958251953 3.3299999237060546875 3.3299999237060546875 3.3299999237060546875 3.2000000476837158203 3.2000000476837158203 2.7999999523162841797
2147483648 2147483648 2147483648 2147483648 2147483648 2147483648 2147483648 2147483648 2147483648 2147483648 2147483648 2147483648 2147483648 2147483648 2147483648 2147483648 2147483648 2147483648 2147483648 2147483648 2147483648 4.0999999046325683594 4.0999999046325683594 3.9600000381469726562 3.9600000381469726562 3.1900000572204589844 3.1900000572204589844 2.9000000953674316406 2.9000000953674316406 2.9000000953674316406 2.9000000953674316406 3.0699999332427978516 3.0699999332427978516 3.2799999713897705078 3.2799999713897705078 3.3699998855590820312 3.3699998855590820312 3.3599998950958251953 3.3599998950958251953 3.3299999237060546875 3.3299999237060546875 3.3299999237060546875 3.2000000476837158203 3.2000000476837158203 2.7999999523162841797
2147483648 2147483648 2147483648 2147483648 2147483648 2147483648 2147483648 2147483648 2147483648 2147483648 2147483648 2147483648 2147483648 2147483648 2147483648 2147483648 2147483648 2147483648 2147483648 2147483648 3.6300001144409179688 2.9200000762939453125 2.9200000762939453125 2.5199999809265136719 2.5199999809265136719 2.6600000858306884766 2.6600000858306884766 3 3 2.9400000572204589844 2.9400000572204589844 3.1099998950958251953 3.1099998950958251953 4.3600001335144042969 4.3600001335144042969 4.3499999046325683594 4.3499999046325683594 3.7200000286102294922 3.7200000286102294922 3.6700000762939453125 3.6700000762939453125 3.6700000762939453125 3.3099999427795410156 3.3099999427795410156 2.9200000762939453125
2147483648 2147483648 2147483648 2147483648 2147483648 2147483648 2147483648 2147483648 2147483648 2147483648 2147483648 2147483648 2147483648 2147483648 2147483648 2147483648 2147483648 2147483648 2147483648 2147483648 3.6300001144409179688 2.9200000762939453125 2.9200000762939453125 2.5199999809265136719 2.5199999809265136719 2.6600000858306884766 2.6600000858306884766 3 3 2.9400000572204589844 2.9400000572204589844 3.1099998950958251953 3.1099998950958251953 4.3600001335144042969 4.3600001335144042969 4.3499999046325683594 4.3499999046325683594 3.7200000286102294922 3.7200000286102294922 3.6700000762939453125 3.6700000762939453125 3.6700000762939453125 3.3099999427795410156 3.3099999427795410156 2.9200000762939453125
2147483648 2147483648 2147483648 2147483648 2147483648 2147483648 2147483648 2147483648 2147483648 2147483648 2147483648 2147483648 2147483648 2147483648 2147483648 2147483648 2147483648 2147483648 4.840000152587890625 2.9000000953674316406 2.9000000953674316406 2.3099999427795410156 2.3099999427795410156 2.75 2.75 3.0699999332427978516 3.0699999332427978516 3.3399999141693115234 3.3399999141693115234 2.8800001144409179688 2.8800001144409179688 3.2100000381469726562 3.2100000381469726562 3.8599998950958251953 3.8599998950958251953 4.2199997901916503906 4.2199997901916503906 3.2999999523162841797 3.2999999523162841797 3.3299999237060546875 3.3299999237060546875 3.3299999237060546875 3.1800000667572021484 3.1800000667572021484 2.5699999332427978516
2147483648 2147483648 2147483648 2147483648 2147483648 2147483648 2147483648 2147483648 2147483648 2147483648 2147483648 2147483648 2147483648 2147483648 2147483648 2147483648 2147483648 2147483648 4.840000152587890625 2.9000000953674316406 2.9000000953674316406 2.3099999427795410156 2.3099999427795410156 2.75 2.75 3.0699999332427978516 3.0699999332427978516 3.3399999141693115234 3.3399999141693115234 2.8800001144409179688 2.8800001144409179688 3.2100000381469726562 3.2100000381469726562 3.8599998950958251953 3.8599998950958251953 4.2199997901916503906 4.2199997901916503906 3.2999999523162841797 3.2999999523162841797 3.3299999237060546875 3.3299999237060546875 3.3299999237060546875 3.1800000667572021484 3.1800000667572021484 2.5699999332427978516
2147483648 2147483648 2147483648 2147483648 2147483648 2147483648 2147483648 2147483648 2147483648 2147483648 2147483648 2147483648 2147483648 2147483648 2147483648 2147483648 3.8900001049041748047 2.9800000190734863281 2.9800000190734863281 2.6199998855590820312 2.6199998855590820312 2.5399999618530273438 2.5399999618530273438 2.6199998855590820312 2.6199998855590820312 2.6800000667572021484 2.6800000667572021484 3.9500000476837158203 3.9500000476837158203 2.7200000286102294922 2.7200000286102294922 3.2400000095367431641 3.2400000095367431641 4 4 4.1799998283386230469 4.1799998283386230469 3.2400000095367431641 3.2400000095367431641 3.2899999618530273438 3.2899999618530273438 3.2899999618530273438 3.5799999237060546875 3.5799999237060546875 3.1099998950958251953
2147483648 2147483648 2147483648 2147483648 2147483648 2147483648 2147483648 2147483648 2147483648 2147483648 2147483648 2147483648 2147483648 2147483648 4.4699997901916503906 3.8900001049041748047 3.8900001049041748047 2.9800000190734863281 2.9800000190734863281 2.6199998855590820312 2.6199998855590820312 2.5399999618530273438 2.5399999618530273438 2.6199998855590820312 2.6199998855590820312 2.6800000667572021484 2.6800000667572021484 3.9500000476837158203 3.9500000476837158203 2.7200000286102294922 2.7200000286102294922 3.2400000095367431641 3.2400000095367431641 4 4 4.1799998283386230469 4.1799998283386230469 3.2400000095367431641 3.2400000095367431641 3.2899999618530273438 3.2899999618530273438 3.2899999618530273438 3.5799999237060546875 3.5799999237060546875 3.1099998950958251953
2147483648 2147483648 2147483648 2147483648 2147483648 2147483648 2147483648 2147483648 2147483648 2147483648 2147483648 2147483648 2147483648 3.9400000572204589844 3.9400000572204589844 3 3 2.9700000286102294922 2.9700000286102294922 2.7899999618530273438 2.7899999618530273438 2.6900000572204589844 2.6900000572204589844 2.9000000953674316406 2.9000000953674316406 3.0799999237060546875 3.0799999237060546875 3.9400000572204589844 3.9400000572204589844 2.5299999713897705078 2.5299999713897705078 2.5 2.5 3.1500000953674316406 3.1500000953674316406 3.1600000858306884766 3.1600000858306884766 2.4400000572204589844 2.4400000572204589844 2.4400000572204589844 2.4400000572204589844 2.4400000572204589844 2.5699999332427978516 2.5699999332427978516 1.8099999427795410156
2147483648 2147483648 2147483648 2147483648 2147483648 2147483648 2147483648 2147483648 2147483648 2147483648 2147483648 2147483648 2147483648 3.9400000572204589844 3.9400000572204589844 3 3 2.9700000286102294922 2.9700000286102294922 2.7899999618530273438 2.7899999618530273438 2.6900000572204589844 2.6900000572204589844 2.9000000953674316406 2.9000000953674316406 3.0799999237060546875 3.0799999237060546875 3.9400000572204589844 3.9400000572204589844 2.5299999713897705078 2.5299999713897705078 2.5 2.5 3.1500000953674316406 3.1500000953674316406 3.1600000858306884766 3.1600000858306884766 2.4400000572204589844 2.4400000572204589844 2.4400000572204589844 2.4400000572204589844 2.4400000572204589844 2.5699999332427978516 2.5699999332427978516 1.8099999427795410156
2147483648 2147483648 2147483648 2147483648 2147483648 2147483648 2147483648 2147483648 2147483648 2147483648 2147483648 3.8599998950958251953 3.8599998950958251953 3.0699999332427978516 3.0699999332427978516 3.3299999237060546875 3.3299999237060546875 3.7100000381469726562 3.7100000381469726562 3.2400000095367431641 3.2400000095367431641 3.4000000953674316406 3.4000000953674316406 3.8800001144409179688 3.8800001144409179688 4.0599999427795410156 4.0599999427795410156 3.4600000381469726562 3.4600000381469726562 2.5799999237060546875 2.5799999237060546875 2.5199999809265136719 2.5199999809265136719 1.6799999475479125977 1.6799999475479125977 1.7699999809265136719 1.7699999809265136719 1.2799999713897705078 1.2799999713897705078 1.1599999666213989258 1.1599999666213989258 1.1599999666213989258 1.0700000524520874023 1.0700000524520874023 0.47999998927116394043
2147483648 2147483648 2147483648 2147483648 2147483648 2147483648 2147483648 2147483648 2147483648 2147483648 2147483648 3.8599998950958251953 3.8599998950958251953 3.0699999332427978516 3.0699999332427978516 3.3299999237060546875 3.3299999237060546875 3.7100000381469726562 3.7100000381469726562 3.2400000095367431641 3.2400000095367431641 3.4000000953674316406 3.4000000953674316406 3.8800001144409179688 3.8800001144409179688 4.0599999427795410156 4.0599999427795410156 3.4600000381469726562 3.4600000381469726562 2.5799999237060546875 2.5799999237060546875 2.5199999809265136719 2.5199999809265136719 1.6799999475479125977 1.6799999475479125977 1.7699999809265136719 1.7699999809265136719 1.2799999713897705078 1.2799999713897705078 1.1599999666213989258 1.1599999666213989258 1.1599999666213989258 1.0700000524520874023 1.0700000524520874023 0.47999998927116394043
2147483648 2147483648 2147483648 2147483648 2147483648 2147483648 2147483648 2147483648 2147483648 2147483648 4.0599999427795410156 3.3900001049041748047 3.3900001049041748047 2.7699999809265136719 2.7699999809265136719 3.2899999618530273438 3.2899999618530273438 3.75 3.75 3.8699998855590820312 3.8699998855590820312 3.9900000095367431641 3.9900000095367431641 4.2100000381469726562 4.2100000381469726562 4.0199999809265136719 4.0199999809265136719 3.5899999141693115234 3.5899999141693115234 2.7699999809265136719 2.7699999809265136719 2.5399999618530273438 2.5399999618530273438 1.7100000381469726562 1.7100000381469726562 1.4500000476837158203 1.4500000476837158203 0.92000001668930053711 0.92000001668930053711 0.95999997854232788086 0.95999997854232788086 0.95999997854232788086 1.0399999618530273438 1.0399999618530273438 0.17000000178813934326
2147483648 2147483648 2147483648 2147483648 2147483648 2147483648 2147483648 2147483648 2147483648 4.0599999427795410156 4.0599999427795410156 2147483648 2147483648 2147483648 2147483648 2147483648 3.2899999618530273438 3.75 3.75 3.8699998855590820312 3.8699998855590820312 3.9900000095367431641 3.9900000095367431641 4.2100000381469726562 4.2100000381469726562 4.0199999809265136719 4.0199999809265136719 3.5899999141693115234 3.5899999141693115234 2.7699999809265136719 2.7699999809265136719 2.5399999618530273438 2.5399999618530273438 1.7100000381469726562 1.7100000381469726562 1.4500000476837158203 1.4500000476837158203 0.92000001668930053711 0.92000001668930053711 0.95999997854232788086 0.95999997854232788086 0.95999997854232788086 1.0399999618530273438 1.0399999618530273438 0.17000000178813934326
2147483648 2147483648 2147483648 2147483648 2147483648 2147483648 2147483648 2147483648 3.4600000381469726562 3.0899999141693115234 2147483648 2147483648 2147483648 2147483648 2147483648 2147483648 2147483648 3.5599999427795410156 3.5599999427795410156 3.6099998950958251953 3.6099998950958251953 3.75 3.75 3.7100000381469726562 3.7100000381469726562 3.5799999237060546875 3.5799999237060546875 2.7300000190734863281 2.7300000190734863281 2.1300001144409179688 2.1300001144409179688 1.4500000476837158203 1.4500000476837158203 1.0800000429153442383 1.0800000429153442383 0.83999997377395629883 0.83999997377395629883 0.86000001430511474609 0.86000001430511474609 0.68999999761581420898 0.68999999761581420898 0.68999999761581420898 0.66000002622604370117 0.66000002622604370117 0
2147483648 2147483648 2147483648 2147483648 2147483648 2147483648 2147483648 3.4600000381469726562 3.4600000381469726562 2147483648 2147483648 2147483648 2147483648 2147483648 2147483648 2147483648 2147483648 2147483648 3.5599999427795410156 3.6099998950958251953 3.6099998950958251953 3.75 3.75 3.7100000381469726562 3.7100000381469726562 3.5799999237060546875 3.5799999237060546875 2.7300000190734863281 2.7300000190734863281 2.1300001144409179688 2.1300001144409179688 1.4500000476837158203 1.4500000476837158203 1.0800000429153442383 1.0800000429153442383 0.83999997377395629883 0.83999997377395629883 0.86000001430511474609 0.86000001430511474609 0.68999999761581420898 0.68999999761581420898 0.68999999761581420898 2147483648 0.66000002622604370117 0
