tests/data/ascii-folder/0_MSWEP_1979.01.01.tif.asc
ncols        93
nrows        125
xllcorner    32239263.703880000859
yllcorner    5131081.422349999659
cellsize     5000.000000000000
NODATA_value  2147483648
[rows 44 to 65 of 125, columns 0 to 48 of 93]
2147483648 2147483648 0 0 0 0 0 0 0 0 0 0 0 0 0 0 0 0 0 0 0 0 0 0 0 0 0 0.029999999329447746277 0.029999999329447746277 0.029999999329447746277 0.029999999329447746277 0.019999999552965164185 0.019999999552965164185 0.11999999731779098511 0.11999999731779098511 0.33000001311302185059 0.33000001311302185059 0.28999999165534973145 0.28999999165534973145 0.27000001072883605957 0.27000001072883605957 0.27000001072883605957 0.34000000357627868652 0.34000000357627868652 0.49000000953674316406 0.49000000953674316406 0.60000002384185791016 0.60000002384185791016 0.69999998807907104492
2147483648 2147483648 0 0 0 0 0 0 0 0 0 0 0 0 0 0 0 0 0 0 0 0 0 0 0 0 0 0.029999999329447746277 0.029999999329447746277 0.029999999329447746277 0.029999999329447746277 0.019999999552965164185 0.019999999552965164185 0.11999999731779098511 0.11999999731779098511 0.33000001311302185059 0.33000001311302185059 0.28999999165534973145 0.28999999165534973145 0.27000001072883605957 0.27000001072883605957 0.27000001072883605957 0.34000000357627868652 0.34000000357627868652 0.49000000953674316406 0.49000000953674316406 0.60000002384185791016 0.60000002384185791016 0.69999998807907104492
2147483648 2147483648 2147483648 2147483648 2147483648 2147483648 0 0 0 0 0 0 0 0 0 0 0 0 0 0 0 0 0 0 0 0 0 0.15999999642372131348 0.15999999642372131348 0.10999999940395355225 0.10999999940395355225 0.10000000149011611938 0.10000000149011611938 0.17000000178813934326 0.17000000178813934326 0.37999999523162841797 0.37999999523162841797 0.34000000357627868652 0.34000000357627868652 0.33000001311302185059 0.33000001311302185059 0.33000001311302185059 0.40999999642372131348 0.40999999642372131348 0.56000000238418579102 0.56000000238418579102 0.81999999284744262695 0.81999999284744262695 1.0399999618530273438
2147483648 2147483648 2147483648 2147483648 2147483648 0 0 0 0 0 0 0 0 0 0 0 0 0 0 0 0 0 0 0 0 0 0 0.15999999642372131348 0.15999999642372131348 0.10999999940395355225 0.10999999940395355225 0.10000000149011611938 0.10000000149011611938 0.17000000178813934326 0.17000000178813934326 0.37999999523162841797 0.37999999523162841797 0.34000000357627868652 0.34000000357627868652 0.33000001311302185059 0.33000001311302185059 0.33000001311302185059 0.40999999642372131348 0.40999999642372131348 0.56000000238418579102 0.56000000238418579102 0.81999999284744262695 0.81999999284744262695 1.0399999618530273438
2147483648 2147483648 2147483648 2147483648 0 0 0 0 0 0 0 0 0 0 0 0 0 0 0 0 0 0 0 0 0 0 0 0.15999999642372131348 0.15999999642372131348 0.14000000059604644775 0.14000000059604644775 0.10000000149011611938 0.10000000149011611938 0.20000000298023223877 0.20000000298023223877 0.43999999761581420898 0.43999999761581420898 0.36000001430511474609 0.36000001430511474609 0.34999999403953552246 0.34999999403953552246 0.34999999403953552246 0.40999999642372131348 0.40999999642372131348 0.57999998331069946289 0.57999998331069946289 0.80000001192092895508 0.80000001192092895508 1.0399999618530273438
2147483648 2147483648 2147483648 2147483648 2147483648 2147483648 0 0 0 0 0 0 0 0 0 0 0 0 0 0 0 0 0 0 0 0 0 0.15999999642372131348 0.15999999642372131348 0.14000000059604644775 0.14000000059604644775 0.10000000149011611938 0.10000000149011611938 0.20000000298023223877 0.20000000298023223877 0.43999999761581420898 0.43999999761581420898 0.36000001430511474609 0.36000001430511474609 0.34999999403953552246 0.34999999403953552246 0.34999999403953552246 0.40999999642372131348 0.40999999642372131348 0.57999998331069946289 0.57999998331069946289 0.80000001192092895508 0.80000001192092895508 1.0399999618530273438
2147483648 2147483648 2147483648 2147483648 2147483648 2147483648 0 0 0 0 0 0 0 0 0 0 0 0 0 0 0 0 0 0 0 0 0 0.14000000059604644775 0.14000000059604644775 0.11999999731779098511 0.11999999731779098511 0.10999999940395355225 0.10999999940395355225 0.20999999344348907471 0.20999999344348907471 0.40000000596046447754 0.40000000596046447754 0.31000000238418579102 0.31000000238418579102 0.31000000238418579102 0.31000000238418579102 0.31000000238418579102 0.43000000715255737305 0.43000000715255737305 0.60000002384185791016 0.60000002384185791016 0.75999999046325683594 0.75999999046325683594 1.0299999713897705078
2147483648 2147483648 2147483648 2147483648 2147483648 2147483648 2147483648 2147483648 0 0 0 0 0 0 0 0 0 0 0 0 0 0 0 0 0 0 0 0.14000000059604644775 0.14000000059604644775 0.11999999731779098511 0.11999999731779098511 0.10999999940395355225 0.10999999940395355225 0.20999999344348907471 0.20999999344348907471 0.40000000596046447754 0.40000000596046447754 0.31000000238418579102 0.31000000238418579102 0.31000000238418579102 0.31000000238418579102 0.31000000238418579102 0.43000000715255737305 0.43000000715255737305 0.60000002384185791016 0.60000002384185791016 0.75999999046325683594 0.75999999046325683594 1.0299999713897705078
2147483648 2147483648 2147483648 2147483648 2147483648 2147483648 2147483648 2147483648 0 0 0 0 0 0 0 0 0 0 0 0 0 0 0 0 0 0 0 0.20999999344348907471 0.20999999344348907471 0.18000000715255737305 0.18000000715255737305 0.18999999761581420898 0.18999999761581420898 0.30000001192092895508 0.30000001192092895508 0.58999997377395629883 0.58999997377395629883 0.51999998092651367188 0.51999998092651367188 0.47999998927116394043 0.47999998927116394043 0.47999998927116394043 0.61000001430511474609 0.61000001430511474609 0.93999999761581420898 0.93999999761581420898 1.0800000429153442383 1.0800000429153442383 1.4900000095367431641
2147483648 2147483648 2147483648 2147483648 2147483648 2147483648 2147483648 2147483648 0 0 0 0 0 0 0 0 0 0 0 0 0 0 0 0 0 0 0 0.20999999344348907471 0.20999999344348907471 0.18000000715255737305 0.18000000715255737305 0.18999999761581420898 0.18999999761581420898 0.30000001192092895508 0.30000001192092895508 0.58999997377395629883 0.58999997377395629883 0.51999998092651367188 0.51999998092651367188 0.47999998927116394043 0.47999998927116394043 0.47999998927116394043 0.61000001430511474609 0.61000001430511474609 0.93999999761581420898 0.93999999761581420898 1.0800000429153442383 1.0800000429153442383 1.4900000095367431641
2147483648 2147483648 2147483648 2147483648 2147483648 2147483648 2147483648 2147483648 0 0 0 0 0 0 0 0 0 0 0 0 0 0 0 0 0 0 0 0.23999999463558197021 0.23999999463558197021 0.21999999880790710449 0.21999999880790710449 0.15999999642372131348 0.15999999642372131348 0.34000000357627868652 0.34000000357627868652 0.63999998569488525391 0.63999998569488525391 0.56999999284744262695 0.56999999284744262695 0.46999999880790710449 0.46999999880790710449 0.46999999880790710449 0.58999997377395629883 0.58999997377395629883 0.88999998569488525391 0.88999998569488525391 1.0299999713897705078 1.0299999713897705078 1.3600000143051147461
2147483648 2147483648 2147483648 2147483648 2147483648 2147483648 2147483648 2147483648 0 0 0 0 0 0 0 0 0 0 0 0 0 0 0 0 0 0 0 0.23999999463558197021 0.23999999463558197021 0.21999999880790710449 0.21999999880790710449 0.15999999642372131348 0.15999999642372131348 0.34000000357627868652 0.34000000357627868652 0.63999998569488525391 0.63999998569488525391 0.56999999284744262695 0.56999999284744262695 0.46999999880790710449 0.46999999880790710449 0.46999999880790710449 0.58999997377395629883 0.58999997377395629883 0.88999998569488525391 0.88999998569488525391 1.0299999713897705078 1.0299999713897705078 1.3600000143051147461
2147483648 2147483648 2147483648 2147483648 2147483648 2147483648 0 0 0 0 0 0 0 0 0 0 0 0 0 0.0099999997764825820923 0.0099999997764825820923 0.0099999997764825820923 0.0099999997764825820923 0.0099999997764825820923 0.0099999997764825820923 0.10999999940395355225 0.10999999940395355225 0.40000000596046447754 0.40000000596046447754 0.38999998569488525391 0.38999998569488525391 0.34999999403953552246 0.34999999403953552246 0.52999997138977050781 0.52999997138977050781 0.87999999523162841797 0.87999999523162841797 0.76999998092651367188 0.76999998092651367188 0.60000002384185791016 0.60000002384185791016 0.60000002384185791016 0.77999997138977050781 0.77999997138977050781 1.2000000476837158203 1.2000000476837158203 1.2799999713897705078 1.2799999713897705078 1.629999995231628418
2147483648 2147483648 2147483648 2147483648 2147483648 2147483648 0 0 0 0 0 0 0 0 0 0 0 0 0 0.0099999997764825820923 0.0099999997764825820923 0.0099999997764825820923 0.0099999997764825820923 0.0099999997764825820923 0.0099999997764825820923 0.10999999940395355225 0.10999999940395355225 0.40000000596046447754 0.40000000596046447754 0.38999998569488525391 0.38999998569488525391 0.34999999403953552246 0.34999999403953552246 0.52999997138977050781 0.52999997138977050781 0.87999999523162841797 0.87999999523162841797 0.76999998092651367188 0.76999998092651367188 0.60000002384185791016 0.60000002384185791016 0.60000002384185791016 0.77999997138977050781 0.77999997138977050781 1.2000000476837158203 1.2000000476837158203 1.2799999713897705078 1.2799999713897705078 1.629999995231628418
0 0 0 0 2147483648 2147483648 0 0 0 0 0 0 0 0 0 0 0 0 0 0 0 0 0 0 0 0.0099999997764825820923 0.0099999997764825820923 0.31000000238418579102 0.31000000238418579102 0.34000000357627868652 0.34000000357627868652 0.34999999403953552246 0.34999999403953552246 0.44999998807907104492 0.44999998807907104492 0.83999997377395629883 0.83999997377395629883 0.68000000715255737305 0.68000000715255737305 0.68000000715255737305 0.68000000715255737305 0.68000000715255737305 0.85000002384185791016 0.85000002384185791016 1.2100000381469726562 1.2100000381469726562 1.3099999427795410156 1.3099999427795410156 1.5599999427795410156
0 0 0 0 0 0 0 0 0 0 0 0 0 0 0 0 0 0 0 0 0 0 0 0 0 0.0099999997764825820923 0.0099999997764825820923 0.31000000238418579102 0.31000000238418579102 0.34000000357627868652 0.34000000357627868652 0.34999999403953552246 0.34999999403953552246 0.44999998807907104492 0.44999998807907104492 0.83999997377395629883 0.83999997377395629883 0.68000000715255737305 0.68000000715255737305 0.68000000715255737305 0.68000000715255737305 0.68000000715255737305 0.85000002384185791016 0.85000002384185791016 1.2100000381469726562 1.2100000381469726562 1.3099999427795410156 1.3099999427795410156 1.5599999427795410156
0 0 0 0 0 0 0 0 0 0 0 0 0 0 0 0 0 0 0 0 0 0 0 0 0 0.0099999997764825820923 0.0099999997764825820923 0.27000001072883605957 0.27000001072883605957 0.25999999046325683594 0.25999999046325683594 0.27000001072883605957 0.27000001072883605957 0.49000000953674316406 0.49000000953674316406 0.89999997615814208984 0.89999997615814208984 0.75999999046325683594 0.75999999046325683594 0.76999998092651367188 0.76999998092651367188 0.76999998092651367188 0.93000000715255737305 0.93000000715255737305 1.3500000238418579102 1.3500000238418579102 1.4400000572204589844 1.4400000572204589844 1.5599999427795410156
2147483648 0 0 0 0 0 0 0 0 0 0 0 0 0 0 0 0 0 0 0 0 0 0 0 0 0.0099999997764825820923 0.0099999997764825820923 0.27000001072883605957 0.27000001072883605957 0.25999999046325683594 0.25999999046325683594 0.27000001072883605957 0.27000001072883605957 0.49000000953674316406 0.49000000953674316406 0.89999997615814208984 0.89999997615814208984 0.75999999046325683594 0.75999999046325683594 0.76999998092651367188 0.76999998092651367188 0.76999998092651367188 0.93000000715255737305 0.93000000715255737305 1.3500000238418579102 1.3500000238418579102 1.4400000572204589844 1.4400000572204589844 1.5599999427795410156
2147483648 2147483648 0 0 0 0 0 0 0 0 0 0 0 0 0 0 0 0 0 0 0 0 0 0 0 0 0 0.27000001072883605957 0.27000001072883605957 0.25999999046325683594 0.25999999046325683594 0.27000001072883605957 0.27000001072883605957 0.43000000715255737305 0.43000000715255737305 0.81000000238418579102 0.81000000238418579102 0.97000002861022949219 0.97000002861022949219 1.2000000476837158203 1.2000000476837158203 1.2000000476837158203 1.2200000286102294922 1.2200000286102294922 1.9700000286102294922 1.9700000286102294922 1.9299999475479125977 1.9299999475479125977 2.0999999046325683594
2147483648 2147483648 0 0 0 0 0 0 0 0 0 0 0 0 0 0 0 0 0 0 0 0 0 0 0 0 0 0.27000001072883605957 0.27000001072883605957 0.25999999046325683594 0.25999999046325683594 0.27000001072883605957 0.27000001072883605957 0.43000000715255737305 0.43000000715255737305 0.81000000238418579102 0.81000000238418579102 0.97000002861022949219 0.97000002861022949219 1.2000000476837158203 1.2000000476837158203 1.2000000476837158203 1.2200000286102294922 1.2200000286102294922 1.9700000286102294922 1.9700000286102294922 1.9299999475479125977 1.9299999475479125977 2.0999999046325683594
2147483648 2147483648 2147483648 0 0 0 0 0 0 0 0 0 0 0 0 0 0 0 0 0 0 0 0 0 0 0 0 0.27000001072883605957 0.27000001072883605957 0.25999999046325683594 0.25999999046325683594 0.27000001072883605957 0.27000001072883605957 0.43000000715255737305 0.43000000715255737305 0.81000000238418579102 0.81000000238418579102 0.97000002861022949219 0.97000002861022949219 1.2000000476837158203 1.2000000476837158203 1.2000000476837158203 1.2200000286102294922 1.2200000286102294922 1.9700000286102294922 1.9700000286102294922 1.9299999475479125977 1.9299999475479125977 2.0999999046325683594
2147483648 2147483648 2147483648 0 0 0 0 0 0 0 0 0 0 0 0 0 0 0 0 0.029999999329447746277 0.029999999329447746277 0.029999999329447746277 0.029999999329447746277 0.029999999329447746277 0.029999999329447746277 0.10999999940395355225 0.10999999940395355225 0.52999997138977050781 0.52999997138977050781 0.50999999046325683594 0.50999999046325683594 0.49000000953674316406 0.49000000953674316406 0.69999998807907104492 0.69999998807907104492 0.81000000238418579102 0.81000000238418579102 0.97000002861022949219 0.97000002861022949219 1.2000000476837158203 1.2000000476837158203 1.2000000476837158203 1.2200000286102294922 1.2200000286102294922 1.9700000286102294922 1.9700000286102294922 1.9299999475479125977 1.9299999475479125977 2.0999999046325683594
