tests/data/ascii-folder/0_MSWEP_1979.01.01.tif.asc
ncols        93
nrows        125
xllcorner    32239263.703880000859
yllcorner    5131081.422349999659
cellsize     5000.000000000000
NODATA_value  2147483648
[rows 66 to 87 of 125, columns 0 to 48 of 93]
2147483648 2147483648 2147483648 0 0 0 0 0 0 0 0 0 0 0 0 0 0 0 0 0.029999999329447746277 0.029999999329447746277 0.029999999329447746277 0.029999999329447746277 0.029999999329447746277 0.029999999329447746277 0.10999999940395355225 0.10999999940395355225 0.52999997138977050781 0.52999997138977050781 0.50999999046325683594 0.50999999046325683594 0.49000000953674316406 0.49000000953674316406 0.69999998807907104492 0.69999998807907104492 0.81000000238418579102 0.81000000238418579102 0.97000002861022949219 0.97000002861022949219 1.2000000476837158203 1.2000000476837158203 1.2000000476837158203 1.2200000286102294922 1.2200000286102294922 1.9700000286102294922 1.9700000286102294922 1.9299999475479125977 1.9299999475479125977 2.0999999046325683594
2147483648 2147483648 0 0 0 0 0 0 0 0 0 0 0 0 0 0 0 0 0 0.050000000745058059692 0.050000000745058059692 0.050000000745058059692 0.050000000745058059692 0.059999998658895492554 0.059999998658895492554 0.15000000596046447754 0.15000000596046447754 0.52999997138977050781 0.52999997138977050781 0.47999998927116394043 0.47999998927116394043 0.49000000953674316406 0.49000000953674316406 0.69999998807907104492 0.69999998807907104492 1.2899999618530273438 1.2899999618530273438 1.5900000333786010742 1.5900000333786010742 2 2 2 2.5999999046325683594 2.5999999046325683594 3.5999999046325683594 3.5999999046325683594 3.1800000667572021484 3.1800000667572021484 2.9800000190734863281
2147483648 2147483648 0 0 0 0 0 0 0 0 0 0 0 0 0 0 0 0 0 0.050000000745058059692 0.050000000745058059692 0.050000000745058059692 0.050000000745058059692 0.059999998658895492554 0.059999998658895492554 0.15000000596046447754 0.15000000596046447754 0.52999997138977050781 0.52999997138977050781 0.47999998927116394043 0.47999998927116394043 0.49000000953674316406 0.49000000953674316406 0.69999998807907104492 0.69999998807907104492 1.2899999618530273438 1.2899999618530273438 1.5900000333786010742 1.5900000333786010742 2 2 2 2.5999999046325683594 2.5999999046325683594 3.5999999046325683594 3.5999999046325683594 3.1800000667572021484 3.1800000667572021484 2.9800000190734863281
2147483648 2147483648 2147483648 0 0 0 0 0 0 0 0 0 0 0 0 0 0 0 0 0.050000000745058059692 0.050000000745058059692 0.050000000745058059692 0.050000000745058059692 0.059999998658895492554 0.059999998658895492554 0.15000000596046447754 0.15000000596046447754 0.56000000238418579102 0.56000000238418579102 0.47999998927116394043 0.47999998927116394043 0.5 0.5 0.68999999761581420898 0.68999999761581420898 1.2699999809265136719 1.2699999809265136719 1.620000004768371582 1.620000004768371582 2.8199999332427978516 2.8199999332427978516 2.8199999332427978516 2.9800000190734863281 2.9800000190734863281 4.9800000190734863281 4.9800000190734863281 2.8800001144409179688 2.8800001144409179688 3.2899999618530273438
2147483648 2147483648 2147483648 2147483648 2147483648 0 0 0 0 0 0 0 0 0 0 0 0 0 0 0.050000000745058059692 0.050000000745058059692 0.050000000745058059692 0.050000000745058059692 0.059999998658895492554 0.059999998658895492554 0.15000000596046447754 0.15000000596046447754 0.56000000238418579102 0.56000000238418579102 0.47999998927116394043 0.47999998927116394043 0.5 0.5 0.68999999761581420898 0.68999999761581420898 1.2699999809265136719 1.2699999809265136719 1.620000004768371582 1.620000004768371582 2.8199999332427978516 2.8199999332427978516 2.8199999332427978516 2.9800000190734863281 2.9800000190734863281 4.9800000190734863281 4.9800000190734863281 2.8800001144409179688 2.8800001144409179688 3.2899999618530273438
2147483648 2147483648 2147483648 2147483648 0 0 0 0 0 0 0 0 0 0 0 0 0 0 0 0.050000000745058059692 0.050000000745058059692 0.050000000745058059692 0.050000000745058059692 0.059999998658895492554 0.059999998658895492554 0.18000000715255737305 0.18000000715255737305 0.54000002145767211914 0.54000002145767211914 0.46000000834465026855 0.46000000834465026855 0.46999999880790710449 0.46999999880790710449 0.69999998807907104492 0.69999998807907104492 1.3300000429153442383 1.3300000429153442383 1.4700000286102294922 1.4700000286102294922 4.0599999427795410156 4.0599999427795410156 4.0599999427795410156 3.6400001049041748047 3.6400001049041748047 4.3899998664855957031 4.3899998664855957031 2.5099999904632568359 2.5099999904632568359 2.7599999904632568359
2147483648 2147483648 2147483648 2147483648 0 0 0 0 0 0 0 0 0 0 0 0 0 0 0 0.050000000745058059692 0.050000000745058059692 0.050000000745058059692 0.050000000745058059692 0.059999998658895492554 0.059999998658895492554 0.18000000715255737305 0.18000000715255737305 0.54000002145767211914 0.54000002145767211914 0.46000000834465026855 0.46000000834465026855 0.46999999880790710449 0.46999999880790710449 0.69999998807907104492 0.69999998807907104492 1.3300000429153442383 1.3300000429153442383 1.4700000286102294922 1.4700000286102294922 4.0599999427795410156 4.0599999427795410156 4.0599999427795410156 3.6400001049041748047 3.6400001049041748047 4.3899998664855957031 4.3899998664855957031 2.5099999904632568359 2.5099999904632568359 2.7599999904632568359
2147483648 2147483648 2147483648 2147483648 2147483648 2147483648 0 0 0 0 0 0 0 0 0 0 0 0 0 0.050000000745058059692 0.050000000745058059692 0.050000000745058059692 0.050000000745058059692 0.059999998658895492554 0.059999998658895492554 0.20000000298023223877 0.20000000298023223877 0.56000000238418579102 0.56000000238418579102 0.46999999880790710449 0.46999999880790710449 0.46999999880790710449 0.46999999880790710449 0.68000000715255737305 0.68000000715255737305 1.25 1.25 1.6900000572204589844 1.6900000572204589844 3.8399999141693115234 3.8399999141693115234 3.8399999141693115234 2.9600000381469726562 2.9600000381469726562 3.5499999523162841797 3.5499999523162841797 2.4100000858306884766 2.4100000858306884766 2.5999999046325683594
2147483648 2147483648 2147483648 2147483648 2147483648 2147483648 0 0 0 0 0 0 0 0 0 0 0 0 0 0.050000000745058059692 0.050000000745058059692 0.050000000745058059692 0.050000000745058059692 0.059999998658895492554 0.059999998658895492554 0.20000000298023223877 0.20000000298023223877 0.56000000238418579102 0.56000000238418579102 0.46999999880790710449 0.46999999880790710449 0.46999999880790710449 0.46999999880790710449 0.68000000715255737305 0.68000000715255737305 1.25 1.25 1.6900000572204589844 1.6900000572204589844 3.8399999141693115234 3.8399999141693115234 3.8399999141693115234 2.9600000381469726562 2.9600000381469726562 3.5499999523162841797 3.5499999523162841797 2.4100000858306884766 2.4100000858306884766 2.5999999046325683594
2147483648 2147483648 2147483648 2147483648 2147483648 2147483648 0 0 0 0 0 0 0 0 0 0 0 0 0 0.070000000298023223877 0.070000000298023223877 0.079999998211860656738 0.079999998211860656738 0.090000003576278686523 0.090000003576278686523 0.28000000119209289551 0.28000000119209289551 1.0299999713897705078 1.0299999713897705078 0.55000001192092895508 0.55000001192092895508 0.56000000238418579102 0.56000000238418579102 0.80000001192092895508 0.80000001192092895508 1.5199999809265136719 1.5199999809265136719 2.1700000762939453125 2.1700000762939453125 3.7599999904632568359 3.7599999904632568359 3.7599999904632568359 3.3499999046325683594 3.3499999046325683594 3.3800001144409179688 3.3800001144409179688 2.1900000572204589844 2.1900000572204589844 2.2899999618530273438
2147483648 2147483648 2147483648 2147483648 2147483648 2147483648 0 0 0 0 0 0 0 0 0 0 0 0 0 0.070000000298023223877 0.070000000298023223877 0.079999998211860656738 0.079999998211860656738 0.090000003576278686523 0.090000003576278686523 0.28000000119209289551 0.28000000119209289551 1.0299999713897705078 1.0299999713897705078 0.55000001192092895508 0.55000001192092895508 0.56000000238418579102 0.56000000238418579102 0.80000001192092895508 0.80000001192092895508 1.5199999809265136719 1.5199999809265136719 2.1700000762939453125 2.1700000762939453125 3.7599999904632568359 3.7599999904632568359 3.7599999904632568359 3.3499999046325683594 3.3499999046325683594 3.3800001144409179688 3.3800001144409179688 2.1900000572204589844 2.1900000572204589844 2.2899999618530273438
2147483648 2147483648 2147483648 2147483648 2147483648 2147483648 0 0 0 0 0 0 0 0 0 0 0 0 0 0.019999999552965164185 0.019999999552965164185 0.019999999552965164185 0.019999999552965164185 0.019999999552965164185 0.019999999552965164185 0.20999999344348907471 0.20999999344348907471 0.62999999523162841797 0.62999999523162841797 0.46999999880790710449 0.46999999880790710449 0.47999998927116394043 0.47999998927116394043 0.69999998807907104492 0.69999998807907104492 1.5099999904632568359 1.5099999904632568359 1.6799999475479125977 1.6799999475479125977 2.3800001144409179688 2.3800001144409179688 2.3800001144409179688 2.3199999332427978516 2.3199999332427978516 2.8599998950958251953 2.8599998950958251953 2.0799999237060546875 2.0799999237060546875 2.2699999809265136719
2147483648 2147483648 2147483648 2147483648 2147483648 2147483648 2147483648 2147483648 0 0 0 0 0 0 0 0 0 0 0 0.019999999552965164185 0.019999999552965164185 0.019999999552965164185 0.019999999552965164185 0.019999999552965164185 0.019999999552965164185 0.20999999344348907471 0.20999999344348907471 0.62999999523162841797 0.62999999523162841797 0.46999999880790710449 0.46999999880790710449 0.47999998927116394043 0.47999998927116394043 0.69999998807907104492 0.69999998807907104492 1.5099999904632568359 1.5099999904632568359 1.6799999475479125977 1.6799999475479125977 2.3800001144409179688 2.3800001144409179688 2.3800001144409179688 2.3199999332427978516 2.3199999332427978516 2.8599998950958251953 2.8599998950958251953 2.0799999237060546875 2.0799999237060546875 2.2699999809265136719
2147483648 2147483648 2147483648 2147483648 2147483648 2147483648 2147483648 2147483648 0 0 0 0 0 0 0 0 0 0 0 0 0 0.029999999329447746277 0.029999999329447746277 0.039999999105930328369 0.039999999105930328369 0.14000000059604644775 0.14000000059604644775 0.44999998807907104492 0.44999998807907104492 0.46000000834465026855 0.46000000834465026855 0.44999998807907104492 0.44999998807907104492 0.62000000476837158203 0.62000000476837158203 1.1900000572204589844 1.1900000572204589844 1.5099999904632568359 1.5099999904632568359 2.2000000476837158203 2.2000000476837158203 2.2000000476837158203 1.9800000190734863281 1.9800000190734863281 2.6300001144409179688 2.6300001144409179688 2.0599999427795410156 2.0599999427795410156 2.4300000667572021484
2147483648 2147483648 2147483648 2147483648 2147483648 2147483648 2147483648 2147483648 0 0 0 0 0 0 0 0 0 0 0 0 0 0.029999999329447746277 0.029999999329447746277 0.039999999105930328369 0.039999999105930328369 0.14000000059604644775 0.14000000059604644775 0.44999998807907104492 0.44999998807907104492 0.46000000834465026855 0.46000000834465026855 0.44999998807907104492 0.44999998807907104492 0.62000000476837158203 0.62000000476837158203 1.1900000572204589844 1.1900000572204589844 1.5099999904632568359 1.5099999904632568359 2.2000000476837158203 2.2000000476837158203 2.2000000476837158203 1.9800000190734863281 1.9800000190734863281 2.6300001144409179688 2.6300001144409179688 2.0599999427795410156 2.0599999427795410156 2.4300000667572021484
2147483648 2147483648 2147483648 2147483648 2147483648 2147483648 2147483648 2147483648 0 0 0 0 0 0 0 0 0 0 0 0 0 0 0 0 0 0.11999999731779098511 0.11999999731779098511 0.33000001311302185059 0.33000001311302185059 0.37000000476837158203 0.37000000476837158203 0.50999999046325683594 0.50999999046325683594 0.62999999523162841797 0.62999999523162841797 1.1599999666213989258 1.1599999666213989258 1.5299999713897705078 1.5299999713897705078 2.3499999046325683594 2.3499999046325683594 2.3499999046325683594 1.9600000381469726562 1.9600000381469726562 2.4200000762939453125 2.4200000762939453125 1.9800000190734863281 1.9800000190734863281 2.6400001049041748047
2147483648 2147483648 2147483648 2147483648 2147483648 2147483648 2147483648 2147483648 0 0 0 0 0 0 0 0 0 0 0 0 0 0 0 0 0 0.11999999731779098511 0.11999999731779098511 0.33000001311302185059 0.33000001311302185059 0.37000000476837158203 0.37000000476837158203 0.50999999046325683594 0.50999999046325683594 0.62999999523162841797 0.62999999523162841797 1.1599999666213989258 1.1599999666213989258 1.5299999713897705078 1.5299999713897705078 2.3499999046325683594 2.3499999046325683594 2.3499999046325683594 1.9600000381469726562 1.9600000381469726562 2.4200000762939453125 2.4200000762939453125 1.9800000190734863281 1.9800000190734863281 2.6400001049041748047
2147483648 2147483648 2147483648 2147483648 2147483648 2147483648 2147483648 2147483648 0 0 0 2147483648 2147483648 0 0 0 0 0 0 0 0 0 0 0 0 0.070000000298023223877 0.070000000298023223877 0.27000001072883605957 0.27000001072883605957 0.37000000476837158203 0.37000000476837158203 0.47999998927116394043 0.47999998927116394043 0.55000001192092895508 0.55000001192092895508 1.2000000476837158203 1.2000000476837158203 1.9299999475479125977 1.9299999475479125977 2.2699999809265136719 2.2699999809265136719 2.2699999809265136719 1.8999999761581420898 1.8999999761581420898 2.1800000667572021484 2.1800000667572021484 1.9800000190734863281 1.9800000190734863281 2.5599999427795410156
2147483648 2147483648 2147483648 2147483648 2147483648 2147483648 2147483648 2147483648 2147483648 0 0 2147483648 2147483648 0 0 0 0 0 0 0 0 0 0 0 0 0.070000000298023223877 0.070000000298023223877 0.27000001072883605957 0.27000001072883605957 0.37000000476837158203 0.37000000476837158203 0.47999998927116394043 0.47999998927116394043 0.55000001192092895508 0.55000001192092895508 1.2000000476837158203 1.2000000476837158203 1.9299999475479125977 1.9299999475479125977 2.2699999809265136719 2.2699999809265136719 2.2699999809265136719 1.8999999761581420898 1.8999999761581420898 2.1800000667572021484 2.1800000667572021484 1.9800000190734863281 1.9800000190734863281 2.5599999427795410156
2147483648 2147483648 2147483648 2147483648 2147483648 2147483648 2147483648 2147483648 2147483648 2147483648 2147483648 2147483648 2147483648 2147483648 0 0 0 0 0 0 0 0 0 0 0 0.029999999329447746277 0.029999999329447746277 0.33000001311302185059 0.33000001311302185059 0.41999998688697814941 0.41999998688697814941 0.43999999761581420898 0.43999999761581420898 1.4800000190734863281 1.4800000190734863281 1.6100000143051147461 1.6100000143051147461 1.8500000238418579102 1.8500000238418579102 2.2400000095367431641 2.2400000095367431641 2.2400000095367431641 2147483648 1.8400000333786010742 2.1400001049041748047 2.1400001049041748047 1.8899999856948852539 1.8899999856948852539 2.3399999141693115234
2147483648 2147483648 2147483648 2147483648 2147483648 2147483648 2147483648 2147483648 2147483648 2147483648 2147483648 2147483648 2147483648 2147483648 0 0 0 0 0 0 0 0 0 0 0 0.029999999329447746277 0.029999999329447746277 0.33000001311302185059 0.33000001311302185059 0.41999998688697814941 0.41999998688697814941 0.43999999761581420898 0.43999999761581420898 1.4800000190734863281 1.4800000190734863281 1.6100000143051147461 1.6100000143051147461 1.8500000238418579102 1.8500000238418579102 2147483648 2147483648 2147483648 2147483648 2147483648 2.1400001049041748047 2.1400001049041748047 2147483648 2147483648 2.3399999141693115234
2147483648 2147483648 2147483648 2147483648 2147483648 2147483648 2147483648 2147483648 2147483648 2147483648 2147483648 2147483648 2147483648 2147483648 2147483648 2147483648 0 0 0 0 0 0 0 0 0 0.029999999329447746277 0.029999999329447746277 0.34999999403953552246 0.34999999403953552246 0.37000000476837158203 0.37000000476837158203 0.41999998688697814941 0.41999998688697814941 2.1500000953674316406 2.1500000953674316406 2.2599999904632568359 2.2599999904632568359 2.4200000762939453125 2.4200000762939453125 2.1099998950958251953 2147483648 2147483648 2147483648 2147483648 2147483648 2147483648 2147483648 2147483648 2147483648
