tests/data/ascii-folder/0_MSWEP_1979.01.01.tif.asc
ncols        93
nrows        125
xllcorner    32239263.703880000859
yllcorner    5131081.422349999659
cellsize     5000.000000000000
NODATA_value  2147483648
[rows 88 to 109 of 125, columns 0 to 48 of 93]
2147483648 2147483648 2147483648 2147483648 2147483648 2147483648 2147483648 2147483648 2147483648 2147483648 2147483648 2147483648 2147483648 2147483648 2147483648 2147483648 0 0 0 0 0 0 0 0 0 0.029999999329447746277 0.029999999329447746277 0.34999999403953552246 0.34999999403953552246 0.37000000476837158203 0.37000000476837158203 0.41999998688697814941 0.41999998688697814941 2.1500000953674316406 2.1500000953674316406 2.2599999904632568359 2.2599999904632568359 2.4200000762939453125 2.4200000762939453125 2.1099998950958251953 2147483648 2147483648 2147483648 2147483648 2147483648 2147483648 2147483648 2147483648 2147483648
2147483648 2147483648 2147483648 2147483648 2147483648 2147483648 2147483648 2147483648 2147483648 2147483648 2147483648 2147483648 2147483648 2147483648 2147483648 2147483648 2147483648 0.090000003576278686523 0.090000003576278686523 0.079999998211860656738 0.079999998211860656738 0.090000003576278686523 0.090000003576278686523 0.059999998658895492554 0.059999998658895492554 0.15000000596046447754 0.15000000596046447754 0.37999999523162841797 0.37999999523162841797 0.40999999642372131348 0.40999999642372131348 0.49000000953674316406 0.49000000953674316406 2.1300001144409179688 2.1300001144409179688 2.5599999427795410156 2.5599999427795410156 2.7300000190734863281 2.7300000190734863281 2.5099999904632568359 2.5099999904632568359 2147483648 2147483648 2147483648 2147483648 2147483648 2147483648 2147483648 2147483648
2147483648 2147483648 2147483648 2147483648 2147483648 2147483648 2147483648 2147483648 2147483648 2147483648 2147483648 2147483648 2147483648 2147483648 2147483648 2147483648 2147483648 2147483648 0.090000003576278686523 0.079999998211860656738 0.079999998211860656738 0.090000003576278686523 0.090000003576278686523 0.059999998658895492554 0.059999998658895492554 0.15000000596046447754 0.15000000596046447754 0.37999999523162841797 0.37999999523162841797 0.40999999642372131348 0.40999999642372131348 0.49000000953674316406 0.49000000953674316406 2.1300001144409179688 2.1300001144409179688 2.5599999427795410156 2.5599999427795410156 2.7300000190734863281 2.7300000190734863281 2.5099999904632568359 2.5099999904632568359 2.5099999904632568359 2.0499999523162841797 2.0499999523162841797 3.7200000286102294922 2147483648 2147483648 2.9800000190734863281 3.3099999427795410156
2147483648 2147483648 2147483648 2147483648 2147483648 2147483648 2147483648 2147483648 2147483648 2147483648 2147483648 2147483648 2147483648 2147483648 2147483648 2147483648 2147483648 2147483648 2147483648 0.070000000298023223877 0.070000000298023223877 0.070000000298023223877 0.070000000298023223877 0.059999998658895492554 0.059999998658895492554 0.15999999642372131348 0.15999999642372131348 0.40999999642372131348 0.40999999642372131348 0.34999999403953552246 0.34999999403953552246 0.41999998688697814941 0.41999998688697814941 1.6399999856948852539 1.6399999856948852539 2.1900000572204589844 2.1900000572204589844 2.2699999809265136719 2.2699999809265136719 2.3099999427795410156 2.3099999427795410156 2.3099999427795410156 2.1700000762939453125 2.1700000762939453125 3.8699998855590820312 2147483648 2.9800000190734863281 2.9800000190734863281 3.3099999427795410156
2147483648 2147483648 2147483648 2147483648 2147483648 2147483648 2147483648 2147483648 2147483648 2147483648 2147483648 2147483648 2147483648 2147483648 2147483648 2147483648 2147483648 2147483648 2147483648 2147483648 2147483648 0.070000000298023223877 0.070000000298023223877 0.059999998658895492554 0.059999998658895492554 0.15999999642372131348 0.15999999642372131348 0.40999999642372131348 0.40999999642372131348 0.34999999403953552246 0.34999999403953552246 0.41999998688697814941 0.41999998688697814941 1.6399999856948852539 1.6399999856948852539 2.1900000572204589844 2.1900000572204589844 2.2699999809265136719 2.2699999809265136719 2.3099999427795410156 2.3099999427795410156 2.3099999427795410156 2.1700000762939453125 2.1700000762939453125 3.8699998855590820312 3.8699998855590820312 2.9800000190734863281 2.9800000190734863281 3.3099999427795410156
2147483648 2147483648 2147483648 2147483648 2147483648 2147483648 2147483648 2147483648 2147483648 2147483648 2147483648 2147483648 2147483648 2147483648 2147483648 2147483648 2147483648 2147483648 2147483648 2147483648 2147483648 2147483648 0.070000000298023223877 0.070000000298023223877 0.070000000298023223877 0.14000000059604644775 0.14000000059604644775 0.43999999761581420898 0.43999999761581420898 0.37000000476837158203 0.37000000476837158203 0.41999998688697814941 0.41999998688697814941 1.6399999856948852539 1.6399999856948852539 2.1900000572204589844 2.1900000572204589844 2.2699999809265136719 2.2699999809265136719 2.3099999427795410156 2.3099999427795410156 2.3099999427795410156 2.1700000762939453125 2.1700000762939453125 3.8699998855590820312 3.8699998855590820312 3.0499999523162841797 3.0499999523162841797 3.6800000667572021484
2147483648 2147483648 2147483648 2147483648 2147483648 2147483648 2147483648 2147483648 2147483648 2147483648 2147483648 2147483648 2147483648 2147483648 2147483648 2147483648 2147483648 2147483648 2147483648 2147483648 2147483648 2147483648 0.070000000298023223877 0.070000000298023223877 0.070000000298023223877 0.14000000059604644775 0.14000000059604644775 0.43999999761581420898 0.43999999761581420898 0.37000000476837158203 0.37000000476837158203 0.41999998688697814941 0.41999998688697814941 1.6399999856948852539 1.6399999856948852539 2.1900000572204589844 2.1900000572204589844 2.2699999809265136719 2.2699999809265136719 2.3099999427795410156 2.3099999427795410156 2.3099999427795410156 2.1700000762939453125 2.1700000762939453125 3.8699998855590820312 3.8699998855590820312 3.0499999523162841797 3.0499999523162841797 3.6800000667572021484
2147483648 2147483648 2147483648 2147483648 2147483648 2147483648 2147483648 2147483648 2147483648 2147483648 2147483648 2147483648 2147483648 2147483648 2147483648 2147483648 2147483648 2147483648 2147483648 2147483648 2147483648 2147483648 0.079999998211860656738 0.070000000298023223877 0.070000000298023223877 0.14000000059604644775 0.14000000059604644775 0.38999998569488525391 0.38999998569488525391 0.37000000476837158203 0.37000000476837158203 0.47999998927116394043 0.47999998927116394043 1.4800000190734863281 1.4800000190734863281 1.8099999427795410156 1.8099999427795410156 1.879999995231628418 1.879999995231628418 2.3499999046325683594 2.3499999046325683594 2.3499999046325683594 2.1600000858306884766 2.1600000858306884766 4 4 3.3599998950958251953 3.3599998950958251953 3.9400000572204589844
2147483648 2147483648 2147483648 2147483648 2147483648 2147483648 2147483648 2147483648 2147483648 2147483648 2147483648 2147483648 2147483648 2147483648 2147483648 2147483648 2147483648 2147483648 2147483648 2147483648 2147483648 2147483648 2147483648 0.070000000298023223877 0.070000000298023223877 0.14000000059604644775 0.14000000059604644775 0.38999998569488525391 0.38999998569488525391 0.37000000476837158203 0.37000000476837158203 0.47999998927116394043 0.47999998927116394043 1.4800000190734863281 1.4800000190734863281 1.8099999427795410156 1.8099999427795410156 1.879999995231628418 1.879999995231628418 2.3499999046325683594 2.3499999046325683594 2.3499999046325683594 2.1600000858306884766 2.1600000858306884766 4 4 3.3599998950958251953 3.3599998950958251953 3.9400000572204589844
2147483648 2147483648 2147483648 2147483648 2147483648 2147483648 2147483648 2147483648 2147483648 2147483648 2147483648 2147483648 2147483648 2147483648 2147483648 2147483648 2147483648 2147483648 2147483648 2147483648 2147483648 2147483648 2147483648 0.070000000298023223877 0.070000000298023223877 0.14000000059604644775 0.14000000059604644775 0.38999998569488525391 0.38999998569488525391 0.37000000476837158203 0.37000000476837158203 0.47999998927116394043 0.47999998927116394043 1.4800000190734863281 1.4800000190734863281 1.8099999427795410156 1.8099999427795410156 1.879999995231628418 1.879999995231628418 2.3499999046325683594 2.3499999046325683594 2.3499999046325683594 2.1600000858306884766 2.1600000858306884766 4 4 3.3599998950958251953 3.3599998950958251953 3.9400000572204589844
2147483648 2147483648 2147483648 2147483648 2147483648 2147483648 2147483648 2147483648 2147483648 2147483648 2147483648 2147483648 2147483648 2147483648 2147483648 2147483648 2147483648 2147483648 2147483648 2147483648 2147483648 2147483648 2147483648 2147483648 0.070000000298023223877 0.25 0.25 0.55000001192092895508 0.55000001192092895508 0.47999998927116394043 0.47999998927116394043 0.69999998807907104492 0.69999998807907104492 1.879999995231628418 1.879999995231628418 2.1600000858306884766 2.1600000858306884766 1.8300000429153442383 1.8300000429153442383 2.1099998950958251953 2.1099998950958251953 2.1099998950958251953 2.1400001049041748047 2.1400001049041748047 3.8299999237060546875 3.8299999237060546875 3.3699998855590820312 3.3699998855590820312 3.9600000381469726562
2147483648 2147483648 2147483648 2147483648 2147483648 2147483648 2147483648 2147483648 2147483648 2147483648 2147483648 2147483648 2147483648 2147483648 2147483648 2147483648 2147483648 2147483648 2147483648 2147483648 2147483648 2147483648 2147483648 2147483648 2147483648 0.25 0.25 0.55000001192092895508 0.55000001192092895508 0.47999998927116394043 0.47999998927116394043 0.69999998807907104492 0.69999998807907104492 1.879999995231628418 1.879999995231628418 2.1600000858306884766 2.1600000858306884766 1.8300000429153442383 1.8300000429153442383 2.1099998950958251953 2.1099998950958251953 2.1099998950958251953 2.1400001049041748047 2.1400001049041748047 3.8299999237060546875 3.8299999237060546875 3.3699998855590820312 3.3699998855590820312 3.9600000381469726562
2147483648 2147483648 2147483648 2147483648 2147483648 2147483648 2147483648 2147483648 2147483648 2147483648 2147483648 2147483648 2147483648 2147483648 2147483648 2147483648 2147483648 2147483648 2147483648 2147483648 2147483648 2147483648 2147483648 2147483648 2147483648 0.14000000059604644775 0.14000000059604644775 0.67000001668930053711 0.67000001668930053711 0.73000001907348632812 0.73000001907348632812 0.74000000953674316406 0.74000000953674316406 1.879999995231628418 1.879999995231628418 1.7899999618530273438 1.7899999618530273438 1.7400000095367431641 1.7400000095367431641 2.3499999046325683594 2.3499999046325683594 2.3499999046325683594 2.3699998855590820312 2.3699998855590820312 4.3299999237060546875 4.3299999237060546875 3.6400001049041748047 3.6400001049041748047 4.2699999809265136719
2147483648 2147483648 2147483648 2147483648 2147483648 2147483648 2147483648 2147483648 2147483648 2147483648 2147483648 2147483648 2147483648 2147483648 2147483648 2147483648 2147483648 2147483648 2147483648 2147483648 2147483648 2147483648 2147483648 2147483648 2147483648 0.14000000059604644775 0.14000000059604644775 0.67000001668930053711 0.67000001668930053711 0.73000001907348632812 0.73000001907348632812 0.74000000953674316406 0.74000000953674316406 1.879999995231628418 1.879999995231628418 1.7899999618530273438 1.7899999618530273438 1.7400000095367431641 1.7400000095367431641 2.3499999046325683594 2.3499999046325683594 2.3499999046325683594 2.3699998855590820312 2.3699998855590820312 4.3299999237060546875 4.3299999237060546875 3.6400001049041748047 3.6400001049041748047 4.2699999809265136719
2147483648 2147483648 2147483648 2147483648 2147483648 2147483648 2147483648 2147483648 2147483648 2147483648 2147483648 2147483648 2147483648 2147483648 2147483648 2147483648 2147483648 2147483648 2147483648 2147483648 2147483648 2147483648 2147483648 1.7699999809265136719 1.7699999809265136719 2.0699999332427978516 2.0699999332427978516 4.340000152587890625 4.340000152587890625 3.7400000095367431641 3.7400000095367431641 3.4000000953674316406 3.4000000953674316406 5.0399999618530273438 5.0399999618530273438 5.5 5.5 5.2600002288818359375 5.2600002288818359375 6.5700001716613769531 6.5700001716613769531 6.5700001716613769531 6.4400000572204589844 6.4400000572204589844 5.4200000762939453125 5.4200000762939453125 5.1900000572204589844 5.1900000572204589844 5.409999847412109375
2147483648 2147483648 2147483648 2147483648 2147483648 2147483648 2147483648 2147483648 2147483648 2147483648 2147483648 2147483648 2147483648 2147483648 2147483648 2147483648 2147483648 2147483648 2147483648 2147483648 2147483648 2147483648 1.9099999666213989258 1.7699999809265136719 1.7699999809265136719 2.0699999332427978516 2.0699999332427978516 4.340000152587890625 4.340000152587890625 3.7400000095367431641 3.7400000095367431641 3.4000000953674316406 3.4000000953674316406 5.0399999618530273438 5.0399999618530273438 5.5 5.5 5.2600002288818359375 5.2600002288818359375 6.5700001716613769531 6.5700001716613769531 6.5700001716613769531 6.4400000572204589844 6.4400000572204589844 5.4200000762939453125 5.4200000762939453125 5.1900000572204589844 5.1900000572204589844 5.409999847412109375
2147483648 2147483648 2147483648 2147483648 2147483648 2147483648 2147483648 2147483648 2147483648 2147483648 2147483648 2147483648 2147483648 2147483648 2147483648 2147483648 2147483648 2147483648 2147483648 2147483648 2147483648 2147483648 1.9400000572204589844 1.879999995231628418 1.879999995231628418 1.5900000333786010742 1.5900000333786010742 3.0199999809265136719 3.0199999809265136719 3.0599999427795410156 3.0599999427795410156 3.1900000572204589844 3.1900000572204589844 5.6100001335144042969 5.6100001335144042969 5.6399998664855957031 5.6399998664855957031 5.6999998092651367188 5.6999998092651367188 6.7100000381469726562 6.7100000381469726562 6.7100000381469726562 6.5399999618530273438 6.5399999618530273438 6.8699998855590820312 6.8699998855590820312 7.1399998664855957031 7.1399998664855957031 7.7100000381469726562
2147483648 2147483648 2147483648 2147483648 2147483648 2147483648 2147483648 2147483648 2147483648 2147483648 2147483648 2147483648 2147483648 2147483648 2147483648 2147483648 2147483648 2147483648 2147483648 2147483648 2147483648 1.9400000572204589844 1.9400000572204589844 1.879999995231628418 1.879999995231628418 1.5900000333786010742 1.5900000333786010742 3.0199999809265136719 3.0199999809265136719 3.0599999427795410156 3.0599999427795410156 3.1900000572204589844 3.1900000572204589844 5.6100001335144042969 5.6100001335144042969 5.6399998664855957031 5.6399998664855957031 5.6999998092651367188 5.6999998092651367188 6.7100000381469726562 6.7100000381469726562 6.7100000381469726562 6.5399999618530273438 6.5399999618530273438 6.8699998855590820312 6.8699998855590820312 7.1399998664855957031 7.1399998664855957031 7.7100000381469726562
2147483648 2147483648 2147483648 2147483648 2147483648 2147483648 2147483648 2147483648 2147483648 2147483648 2147483648 2147483648 2147483648 2147483648 2147483648 2147483648 2147483648 2147483648 2147483648 2147483648 1.7300000190734863281 1.2899999618530273438 1.2899999618530273438 1.1100000143051147461 1.1100000143051147461 1.3300000429153442383 1.3300000429153442383 3.1099998950958251953 3.1099998950958251953 3.1099998950958251953 3.1099998950958251953 3.2899999618530273438 3.2899999618530273438 7.7199997901916503906 7.7199997901916503906 7.7199997901916503906 7.7199997901916503906 6.659999847412109375 6.659999847412109375 7.5 7.5 7.5 6.7100000381469726562 6.7100000381469726562 7.1900000572204589844 7.1900000572204589844 7.340000152587890625 7.340000152587890625 9.2600002288818359375
2147483648 2147483648 2147483648 2147483648 2147483648 2147483648 2147483648 2147483648 2147483648 2147483648 2147483648 2147483648 2147483648 2147483648 2147483648 2147483648 2147483648 2147483648 2147483648 2147483648 1.7300000190734863281 1.2899999618530273438 1.2899999618530273438 1.1100000143051147461 1.1100000143051147461 1.3300000429153442383 1.3300000429153442383 3.1099998950958251953 3.1099998950958251953 3.1099998950958251953 3.1099998950958251953 3.2899999618530273438 3.2899999618530273438 7.7199997901916503906 7.7199997901916503906 7.7199997901916503906 7.7199997901916503906 6.659999847412109375 6.659999847412109375 7.5 7.5 7.5 6.7100000381469726562 6.7100000381469726562 7.1900000572204589844 7.1900000572204589844 7.340000152587890625 7.340000152587890625 9.2600002288818359375
2147483648 2147483648 2147483648 2147483648 2147483648 2147483648 2147483648 2147483648 2147483648 2147483648 2147483648 2147483648 2147483648 2147483648 2147483648 2147483648 2147483648 2147483648 2.2599999904632568359 1.3400000333786010742 1.3400000333786010742 1.0299999713897705078 1.0299999713897705078 1.2300000190734863281 1.2300000190734863281 1.5299999713897705078 1.5299999713897705078 3.4800000190734863281 3.4800000190734863281 3.0099999904632568359 3.0099999904632568359 3.3399999141693115234 3.3399999141693115234 6.8499999046325683594 6.8499999046325683594 8.0100002288818359375 8.0100002288818359375 6.2899999618530273438 6.2899999618530273438 7.1199998855590820312 7.1199998855590820312 7.1199998855590820312 6.7100000381469726562 6.7100000381469726562 5.9299998283386230469 5.9299998283386230469 6.3499999046325683594 6.3499999046325683594 7.1999998092651367188
2147483648 2147483648 2147483648 2147483648 2147483648 2147483648 2147483648 2147483648 2147483648 2147483648 2147483648 2147483648 2147483648 2147483648 2147483648 2147483648 2147483648 2147483648 2.2599999904632568359 1.3400000333786010742 1.3400000333786010742 1.0299999713897705078 1.0299999713897705078 1.2300000190734863281 1.2300000190734863281 1.5299999713897705078 1.5299999713897705078 3.4800000190734863281 3.4800000190734863281 3.0099999904632568359 3.0099999904632568359 3.3399999141693115234 3.3399999141693115234 6.8499999046325683594 6.8499999046325683594 8.0100002288818359375 8.0100002288818359375 6.2899999618530273438 6.2899999618530273438 7.1199998855590820312 7.1199998855590820312 7.1199998855590820312 6.7100000381469726562 6.7100000381469726562 5.9299998283386230469 5.9299998283386230469 6.3499999046325683594 6.3499999046325683594 7.1999998092651367188
