tests/data/ascii-folder/2_MSWEP_1979.01.03.tif.asc
ncols        93
nrows        125
xllcorner    32239263.703880000859
yllcorner    5131081.422349999659
cellsize     5000.000000000000
NODATA_value  2147483648
[rows 100 to 124 of 125, columns 0 to 56 of 93]
2147483648 2147483648 2147483648 2147483648 2147483648 2147483648 2147483648 2147483648 2147483648 2147483648 2147483648 2147483648 2147483648 2147483648 2147483648 2147483648 2147483648 2147483648 2147483648 2147483648 2147483648 2147483648 2147483648 2147483648 2147483648 1.2799999713897705078 1.2799999713897705078 1.7400000095367431641 1.7400000095367431641 1.8999999761581420898 1.8999999761581420898 1.9400000572204589844 1.9400000572204589844 2.9100000858306884766 2.9100000858306884766 2.7599999904632568359 2.7599999904632568359 2.7000000476837158203 2.7000000476837158203 3.4700000286102294922 3.4700000286102294922 3.4700000286102294922 3.2599999904632568359 3.2599999904632568359 3.7200000286102294922 3.7200000286102294922 3.1199998855590820312 3.1199998855590820312 3.2300000190734863281 3.2300000190734863281 4.2800002098083496094 4.2800002098083496094 5.2600002288818359375 5.2600002288818359375 5.1199998855590820312 5.1199998855590820312 5.8899998664855957031
2147483648 2147483648 2147483648 2147483648 2147483648 2147483648 2147483648 2147483648 2147483648 2147483648 2147483648 2147483648 2147483648 2147483648 2147483648 2147483648 2147483648 2147483648 2147483648 2147483648 2147483648 2147483648 2147483648 2147483648 2147483648 1.2799999713897705078 1.2799999713897705078 1.7400000095367431641 1.7400000095367431641 1.8999999761581420898 1.8999999761581420898 1.9400000572204589844 1.9400000572204589844 2.9100000858306884766 2.9100000858306884766 2.7599999904632568359 2.7599999904632568359 2.7000000476837158203 2.7000000476837158203 3.4700000286102294922 3.4700000286102294922 3.4700000286102294922 3.2599999904632568359 3.2599999904632568359 3.7200000286102294922 3.7200000286102294922 3.1199998855590820312 3.1199998855590820312 3.2300000190734863281 3.2300000190734863281 4.2800002098083496094 4.2800002098083496094 5.2600002288818359375 5.2600002288818359375 5.1199998855590820312 5.1199998855590820312 5.8899998664855957031
2147483648 2147483648 2147483648 2147483648 2147483648 2147483648 2147483648 2147483648 2147483648 2147483648 2147483648 2147483648 2147483648 2147483648 2147483648 2147483648 2147483648 2147483648 2147483648 2147483648 2147483648 2147483648 2147483648 2.5999999046325683594 2.5999999046325683594 3.0599999427795410156 3.0599999427795410156 3.4900000095367431641 3.4900000095367431641 3.0099999904632568359 3.0099999904632568359 2.7200000286102294922 2.7200000286102294922 3.0899999141693115234 3.0899999141693115234 3.3599998950958251953 3.3599998950958251953 3.2200000286102294922 3.2200000286102294922 4.0300002098083496094 4.0300002098083496094 4.0300002098083496094 3.9600000381469726562 3.9600000381469726562 3.5999999046325683594 3.5999999046325683594 3.4800000190734863281 3.4800000190734863281 3.5699999332427978516 3.5699999332427978516 4.2899999618530273438 4.2899999618530273438 5.9499998092651367188 5.9499998092651367188 6.2300000190734863281 6.2300000190734863281 8.18000030517578125
2147483648 2147483648 2147483648 2147483648 2147483648 2147483648 2147483648 2147483648 2147483648 2147483648 2147483648 2147483648 2147483648 2147483648 2147483648 2147483648 2147483648 2147483648 2147483648 2147483648 2147483648 2147483648 2.6300001144409179688 2.5999999046325683594 2.5999999046325683594 3.0599999427795410156 3.0599999427795410156 3.4900000095367431641 3.4900000095367431641 3.0099999904632568359 3.0099999904632568359 2.7200000286102294922 2.7200000286102294922 3.0899999141693115234 3.0899999141693115234 3.3599998950958251953 3.3599998950958251953 3.2200000286102294922 3.2200000286102294922 4.0300002098083496094 4.0300002098083496094 4.0300002098083496094 3.9600000381469726562 3.9600000381469726562 3.5999999046325683594 3.5999999046325683594 3.4800000190734863281 3.4800000190734863281 3.5699999332427978516 3.5699999332427978516 4.2899999618530273438 4.2899999618530273438 5.9499998092651367188 5.9499998092651367188 6.2300000190734863281 6.2300000190734863281 8.18000030517578125
2147483648 2147483648 2147483648 2147483648 2147483648 2147483648 2147483648 2147483648 2147483648 2147483648 2147483648 2147483648 2147483648 2147483648 2147483648 2147483648 2147483648 2147483648 2147483648 2147483648 2147483648 2147483648 2.6700000762939453125 2.5799999237060546875 2.5799999237060546875 2.3099999427795410156 2.3099999427795410156 2.4300000667572021484 2.4300000667572021484 2.4400000572204589844 2.4400000572204589844 2.5699999332427978516 2.5699999332427978516 3.4200000762939453125 3.4200000762939453125 3.5 3.5 3.5399999618530273438 3.5399999618530273438 4.1300001144409179688 4.1300001144409179688 4.1300001144409179688 3.9800000190734863281 3.9800000190734863281 4.5799999237060546875 4.5799999237060546875 4.8800001144409179688 4.8800001144409179688 5.1100001335144042969 5.1100001335144042969 5.1399998664855957031 5.1399998664855957031 6.2699999809265136719 6.2699999809265136719 6.9000000953674316406 6.9000000953674316406 7.6500000953674316406
2147483648 2147483648 2147483648 2147483648 2147483648 2147483648 2147483648 2147483648 2147483648 2147483648 2147483648 2147483648 2147483648 2147483648 2147483648 2147483648 2147483648 2147483648 2147483648 2147483648 2147483648 2.6700000762939453125 2.6700000762939453125 2.5799999237060546875 2.5799999237060546875 2.3099999427795410156 2.3099999427795410156 2.4300000667572021484 2.4300000667572021484 2.4400000572204589844 2.4400000572204589844 2.5699999332427978516 2.5699999332427978516 3.4200000762939453125 3.4200000762939453125 3.5 3.5 3.5399999618530273438 3.5399999618530273438 4.1300001144409179688 4.1300001144409179688 4.1300001144409179688 3.9800000190734863281 3.9800000190734863281 4.5799999237060546875 4.5799999237060546875 4.8800001144409179688 4.8800001144409179688 5.1100001335144042969 5.1100001335144042969 5.1399998664855957031 5.1399998664855957031 6.2699999809265136719 6.2699999809265136719 6.9000000953674316406 6.9000000953674316406 7.6500000953674316406
2147483648 2147483648 2147483648 2147483648 2147483648 2147483648 2147483648 2147483648 2147483648 2147483648 2147483648 2147483648 2147483648 2147483648 2147483648 2147483648 2147483648 2147483648 2147483648 2147483648 2.3699998855590820312 1.8999999761581420898 1.8999999761581420898 1.5800000429153442383 1.5800000429153442383 1.9400000572204589844 1.9400000572204589844 2.5 2.5 2.4700000286102294922 2.4700000286102294922 2.6300001144409179688 2.6300001144409179688 4.6799998283386230469 4.6799998283386230469 4.6799998283386230469 4.6799998283386230469 4.0300002098083496094 4.0300002098083496094 4.5799999237060546875 4.5799999237060546875 4.5799999237060546875 4.1100001335144042969 4.1100001335144042969 4.6900000572204589844 4.6900000572204589844 4.8899998664855957031 4.8899998664855957031 5.9000000953674316406 5.9000000953674316406 6.6999998092651367188 6.6999998092651367188 6.7199997901916503906 6.7199997901916503906 8.3999996185302734375 8.3999996185302734375 7.5199999809265136719
2147483648 2147483648 2147483648 2147483648 2147483648 2147483648 2147483648 2147483648 2147483648 2147483648 2147483648 2147483648 2147483648 2147483648 2147483648 2147483648 2147483648 2147483648 2147483648 2147483648 2.3699998855590820312 1.8999999761581420898 1.8999999761581420898 1.5800000429153442383 1.5800000429153442383 1.9400000572204589844 1.9400000572204589844 2.5 2.5 2.4700000286102294922 2.4700000286102294922 2.6300001144409179688 2.6300001144409179688 4.6799998283386230469 4.6799998283386230469 4.6799998283386230469 4.6799998283386230469 4.0300002098083496094 4.0300002098083496094 4.5799999237060546875 4.5799999237060546875 4.5799999237060546875 4.1100001335144042969 4.1100001335144042969 4.6900000572204589844 4.6900000572204589844 4.8899998664855957031 4.8899998664855957031 5.9000000953674316406 5.9000000953674316406 6.6999998092651367188 6.6999998092651367188 6.7199997901916503906 6.7199997901916503906 8.3999996185302734375 8.3999996185302734375 7.5199999809265136719
2147483648 2147483648 2147483648 2147483648 2147483648 2147483648 2147483648 2147483648 2147483648 2147483648 2147483648 2147483648 2147483648 2147483648 2147483648 2147483648 2147483648 2147483648 3.2699999809265136719 1.9600000381469726562 1.9600000381469726562 1.4900000095367431641 1.4900000095367431641 1.8099999427795410156 1.8099999427795410156 2.2300000190734863281 2.2300000190734863281 2.7899999618530273438 2.7899999618530273438 2.4100000858306884766 2.4100000858306884766 2.6800000667572021484 2.6800000667572021484 4.1700000762939453125 4.1700000762939453125 4.7300000190734863281 4.7300000190734863281 3.7100000381469726562 3.7100000381469726562 4.2399997711181640625 4.2399997711181640625 4.2399997711181640625 4.0300002098083496094 4.0300002098083496094 4.0399999618530273438 4.0399999618530273438 4.340000152587890625 4.340000152587890625 5.0999999046325683594 5.0999999046325683594 5.7899999618530273438 5.7899999618530273438 5.8000001907348632812 5.8000001907348632812 8.9200000762939453125 8.9200000762939453125 9.4700002670288085938
2147483648 2147483648 2147483648 2147483648 2147483648 2147483648 2147483648 2147483648 2147483648 2147483648 2147483648 2147483648 2147483648 2147483648 2147483648 2147483648 2147483648 2147483648 3.2699999809265136719 1.9600000381469726562 1.9600000381469726562 1.4900000095367431641 1.4900000095367431641 1.8099999427795410156 1.8099999427795410156 2.2300000190734863281 2.2300000190734863281 2.7899999618530273438 2.7899999618530273438 2.4100000858306884766 2.4100000858306884766 2.6800000667572021484 2.6800000667572021484 4.1700000762939453125 4.1700000762939453125 4.7300000190734863281 4.7300000190734863281 3.7100000381469726562 3.7100000381469726562 4.2399997711181640625 4.2399997711181640625 4.2399997711181640625 4.0300002098083496094 4.0300002098083496094 4.0399999618530273438 4.0399999618530273438 4.340000152587890625 4.340000152587890625 5.0999999046325683594 5.0999999046325683594 5.7899999618530273438 5.7899999618530273438 5.8000001907348632812 5.8000001907348632812 8.9200000762939453125 8.9200000762939453125 9.4700002670288085938
2147483648 2147483648 2147483648 2147483648 2147483648 2147483648 2147483648 2147483648 2147483648 2147483648 2147483648 2147483648 2147483648 2147483648 2147483648 2147483648 1.2100000381469726562 2.0199999809265136719 2.0199999809265136719 1.7799999713897705078 1.7799999713897705078 1.6100000143051147461 1.6100000143051147461 1.7200000286102294922 1.7200000286102294922 1.9400000572204589844 1.9400000572204589844 3.2999999523162841797 3.2999999523162841797 2.2699999809265136719 2.2699999809265136719 2.7300000190734863281 2.7300000190734863281 4.3600001335144042969 4.3600001335144042969 4.6799998283386230469 4.6799998283386230469 3.6400001049041748047 3.6400001049041748047 4.2100000381469726562 4.2100000381469726562 4.2100000381469726562 4.5399999618530273438 4.5399999618530273438 4.590000152587890625 4.590000152587890625 4.4499998092651367188 4.4499998092651367188 4.9499998092651367188 4.9499998092651367188 4.9000000953674316406 4.9000000953674316406 6.3200001716613769531 6.3200001716613769531 6.5199999809265136719 6.5199999809265136719 5.7800002098083496094
2147483648 2147483648 2147483648 2147483648 2147483648 2147483648 2147483648 2147483648 2147483648 2147483648 2147483648 2147483648 2147483648 2147483648 1.3899999856948852539 1.2100000381469726562 1.2100000381469726562 2.0199999809265136719 2.0199999809265136719 1.7799999713897705078 1.7799999713897705078 1.6100000143051147461 1.6100000143051147461 1.7200000286102294922 1.7200000286102294922 1.9400000572204589844 1.9400000572204589844 3.2999999523162841797 3.2999999523162841797 2.2699999809265136719 2.2699999809265136719 2.7300000190734863281 2.7300000190734863281 4.3600001335144042969 4.3600001335144042969 4.6799998283386230469 4.6799998283386230469 3.6400001049041748047 3.6400001049041748047 4.2100000381469726562 4.2100000381469726562 4.2100000381469726562 4.5399999618530273438 4.5399999618530273438 4.590000152587890625 4.590000152587890625 4.4499998092651367188 4.4499998092651367188 4.9499998092651367188 4.9499998092651367188 4.9000000953674316406 4.9000000953674316406 6.3200001716613769531 6.3200001716613769531 6.5199999809265136719 6.5199999809265136719 5.7800002098083496094
2147483648 2147483648 2147483648 2147483648 2147483648 2147483648 2147483648 2147483648 2147483648 2147483648 2147483648 2147483648 2147483648 1.6000000238418579102 1.6000000238418579102 1.2899999618530273438 1.2899999618530273438 2.2899999618530273438 2.2899999618530273438 2.1500000953674316406 2.1500000953674316406 2.0699999332427978516 2.0699999332427978516 2.2300000190734863281 2.2300000190734863281 2.4300000667572021484 2.4300000667572021484 3.7100000381469726562 3.7100000381469726562 2.3699998855590820312 2.3699998855590820312 2.4000000953674316406 2.4000000953674316406 3.8699998855590820312 3.8699998855590820312 3.9100000858306884766 3.9100000858306884766 2.9800000190734863281 2.9800000190734863281 3.1800000667572021484 3.1800000667572021484 3.1800000667572021484 3.3199999332427978516 3.3199999332427978516 3.2000000476837158203 3.2000000476837158203 3.3599998950958251953 3.3599998950958251953 3.3399999141693115234 3.3399999141693115234 3.5199999809265136719 3.5199999809265136719 4.1900000572204589844 4.1900000572204589844 3.8299999237060546875 3.8299999237060546875 3.9300000667572021484
2147483648 2147483648 2147483648 2147483648 2147483648 2147483648 2147483648 2147483648 2147483648 2147483648 2147483648 2147483648 2147483648 1.6000000238418579102 1.6000000238418579102 1.2899999618530273438 1.2899999618530273438 2.2899999618530273438 2.2899999618530273438 2.1500000953674316406 2.1500000953674316406 2.0699999332427978516 2.0699999332427978516 2.2300000190734863281 2.2300000190734863281 2.4300000667572021484 2.4300000667572021484 3.7100000381469726562 3.7100000381469726562 2.3699998855590820312 2.3699998855590820312 2.4000000953674316406 2.4000000953674316406 3.8699998855590820312 3.8699998855590820312 3.9100000858306884766 3.9100000858306884766 2.9800000190734863281 2.9800000190734863281 3.1800000667572021484 3.1800000667572021484 3.1800000667572021484 3.3199999332427978516 3.3199999332427978516 3.2000000476837158203 3.2000000476837158203 3.3599998950958251953 3.3599998950958251953 3.3399999141693115234 3.3399999141693115234 3.5199999809265136719 3.5199999809265136719 4.1900000572204589844 4.1900000572204589844 3.8299999237060546875 3.8299999237060546875 3.9300000667572021484
2147483648 2147483648 2147483648 2147483648 2147483648 2147483648 2147483648 2147483648 2147483648 2147483648 2147483648 2.2799999713897705078 2.2799999713897705078 1.8300000429153442383 1.8300000429153442383 1.9900000095367431641 1.9900000095367431641 3.2400000095367431641 3.2400000095367431641 2.8399999141693115234 2.8399999141693115234 2.9000000953674316406 2.9000000953674316406 3.4100000858306884766 3.4100000858306884766 3.7599999904632568359 3.7599999904632568359 3.3900001049041748047 3.3900001049041748047 2.5199999809265136719 2.5199999809265136719 2.4700000286102294922 2.4700000286102294922 1.379999995231628418 1.379999995231628418 1.4600000381469726562 1.4600000381469726562 1.0099999904632568359 1.0099999904632568359 1.0800000429153442383 1.0800000429153442383 1.0800000429153442383 1.0099999904632568359 1.0099999904632568359 0.25 0.25 0.18000000715255737305 0.18000000715255737305 0.019999999552965164185 0.019999999552965164185 0.050000000745058059692 0.050000000745058059692 0 0 0 0 0
2147483648 2147483648 2147483648 2147483648 2147483648 2147483648 2147483648 2147483648 2147483648 2147483648 2147483648 2.2799999713897705078 2.2799999713897705078 1.8300000429153442383 1.8300000429153442383 1.9900000095367431641 1.9900000095367431641 3.2400000095367431641 3.2400000095367431641 2.8399999141693115234 2.8399999141693115234 2.9000000953674316406 2.9000000953674316406 3.4100000858306884766 3.4100000858306884766 3.7599999904632568359 3.7599999904632568359 3.3900001049041748047 3.3900001049041748047 2.5199999809265136719 2.5199999809265136719 2.4700000286102294922 2.4700000286102294922 1.379999995231628418 1.379999995231628418 1.4600000381469726562 1.4600000381469726562 1.0099999904632568359 1.0099999904632568359 1.0800000429153442383 1.0800000429153442383 1.0800000429153442383 1.0099999904632568359 1.0099999904632568359 0.25 0.25 0.18000000715255737305 0.18000000715255737305 0.019999999552965164185 0.019999999552965164185 0.050000000745058059692 0.050000000745058059692 0 0 0 0 0
2147483648 2147483648 2147483648 2147483648 2147483648 2147483648 2147483648 2147483648 2147483648 2147483648 2.4000000953674316406 2.0099999904632568359 2.0099999904632568359 1.6499999761581420898 1.6499999761581420898 1.9900000095367431641 1.9900000095367431641 3.2599999904632568359 3.2599999904632568359 3.3900001049041748047 3.3900001049041748047 3.4200000762939453125 3.4200000762939453125 3.6600000858306884766 3.6600000858306884766 3.6800000667572021484 3.6800000667572021484 3.4300000667572021484 3.4300000667572021484 2.5699999332427978516 2.5699999332427978516 2.4900000095367431641 2.4900000095367431641 1.3999999761581420898 1.3999999761581420898 1.1499999761581420898 1.1499999761581420898 0.75999999046325683594 0.75999999046325683594 0.91000002622604370117 0.91000002622604370117 0.91000002622604370117 0.98000001907348632812 0.98000001907348632812 0.019999999552965164185 0.019999999552965164185 0.029999999329447746277 0.029999999329447746277 0 0 0 0 0 0 0 0 0
2147483648 2147483648 2147483648 2147483648 2147483648 2147483648 2147483648 2147483648 2147483648 2.4000000953674316406 2.4000000953674316406 2147483648 2147483648 2147483648 2147483648 2147483648 1.9900000095367431641 3.2599999904632568359 3.2599999904632568359 3.3900001049041748047 3.3900001049041748047 3.4200000762939453125 3.4200000762939453125 3.6600000858306884766 3.6600000858306884766 3.6800000667572021484 3.6800000667572021484 3.4300000667572021484 3.4300000667572021484 2.5699999332427978516 2.5699999332427978516 2.4900000095367431641 2.4900000095367431641 1.3999999761581420898 1.3999999761581420898 1.1499999761581420898 1.1499999761581420898 0.75999999046325683594 0.75999999046325683594 0.91000002622604370117 0.91000002622604370117 0.91000002622604370117 0.98000001907348632812 0.98000001907348632812 0.019999999552965164185 0.019999999552965164185 0.029999999329447746277 0.029999999329447746277 0 0 0 0 0 0 0 0 0
2147483648 2147483648 2147483648 2147483648 2147483648 2147483648 2147483648 2147483648 1.0399999618530273438 1.8300000429153442383 2147483648 2147483648 2147483648 2147483648 2147483648 2147483648 2147483648 3.1099998950958251953 3.1099998950958251953 3.1800000667572021484 3.1800000667572021484 3.1700000762939453125 3.1700000762939453125 3.0799999237060546875 3.0799999237060546875 3.1500000953674316406 3.1500000953674316406 2.4500000476837158203 2.4500000476837158203 1.9700000286102294922 1.9700000286102294922 1.3500000238418579102 1.3500000238418579102 0.80000001192092895508 0.80000001192092895508 0.61000001430511474609 0.61000001430511474609 0.64999997615814208984 0.64999997615814208984 0.64999997615814208984 0.64999997615814208984 0.64999997615814208984 0.62999999523162841797 0.62999999523162841797 0 0 0 0 0 0 0 2147483648 0 0 0 0 0
2147483648 2147483648 2147483648 2147483648 2147483648 2147483648 2147483648 1.0399999618530273438 1.0399999618530273438 2147483648 2147483648 2147483648 2147483648 2147483648 2147483648 2147483648 2147483648 2147483648 3.1099998950958251953 3.1800000667572021484 3.1800000667572021484 3.1700000762939453125 3.1700000762939453125 3.0799999237060546875 3.0799999237060546875 3.1500000953674316406 3.1500000953674316406 2.4500000476837158203 2.4500000476837158203 1.9700000286102294922 1.9700000286102294922 1.3500000238418579102 1.3500000238418579102 0.80000001192092895508 0.80000001192092895508 0.61000001430511474609 0.61000001430511474609 0.64999997615814208984 0.64999997615814208984 0.64999997615814208984 0.64999997615814208984 0.64999997615814208984 2147483648 0.62999999523162841797 0 2147483648 2147483648 0 0 2147483648 2147483648 2147483648 0 0 0 0 0
2147483648 2147483648 2147483648 2147483648 2147483648 2147483648 0.77999997138977050781 0.77999997138977050781 2147483648 2147483648 2147483648 2147483648 2147483648 2147483648 2147483648 2147483648 2147483648 2147483648 4.2899999618530273438 3.7400000095367431641 3.7400000095367431641 3.4300000667572021484 3.4300000667572021484 3.5299999713897705078 3.5299999713897705078 2.9100000858306884766 2.9100000858306884766 2.3099999427795410156 2.3099999427795410156 1.5900000333786010742 1.5900000333786010742 1.0900000333786010742 1.0900000333786010742 0.38999998569488525391 0.38999998569488525391 0.46999999880790710449 2147483648 2147483648 0.60000002384185791016 0.64999997615814208984 0.64999997615814208984 0.64999997615814208984 2147483648 0.62999999523162841797 0 2147483648 2147483648 2147483648 2147483648 2147483648 2147483648 2147483648 0 0 0 0 0
2147483648 2147483648 2147483648 2147483648 2147483648 2147483648 2147483648 2147483648 2147483648 2147483648 2147483648 2147483648 2147483648 2147483648 2147483648 2147483648 2147483648 2147483648 2147483648 2147483648 2147483648 3.4300000667572021484 3.4300000667572021484 3.5299999713897705078 3.5299999713897705078 2.9100000858306884766 2.9100000858306884766 2.3099999427795410156 2.3099999427795410156 1.5900000333786010742 1.5900000333786010742 1.0900000333786010742 1.0900000333786010742 2147483648 0.38999998569488525391 2147483648 2147483648 2147483648 2147483648 2147483648 2147483648 2147483648 2147483648 2147483648 2147483648 2147483648 2147483648 2147483648 2147483648 2147483648 2147483648 2147483648 2147483648 0 2147483648 2147483648 2147483648
2147483648 2147483648 2147483648 2147483648 2147483648 2147483648 2147483648 2147483648 2147483648 2147483648 2147483648 2147483648 2147483648 2147483648 2147483648 2147483648 2147483648 2147483648 2147483648 2147483648 2147483648 2.4700000286102294922 2.4700000286102294922 3.0199999809265136719 3.0199999809265136719 0.5 0.5 0.51999998092651367188 0.51999998092651367188 1.5900000333786010742 1.5900000333786010742 1.0900000333786010742 2147483648 2147483648 2147483648 2147483648 2147483648 2147483648 2147483648 2147483648 2147483648 2147483648 2147483648 2147483648 2147483648 2147483648 2147483648 2147483648 2147483648 2147483648 2147483648 2147483648 2147483648 2147483648 2147483648 2147483648 2147483648
2147483648 2147483648 2147483648 2147483648 2147483648 2147483648 2147483648 2147483648 2147483648 2147483648 2147483648 2147483648 2147483648 2147483648 2147483648 2147483648 2147483648 2147483648 2147483648 2147483648 2147483648 2147483648 2147483648 2147483648 2147483648 0.5 0.5 2147483648 2147483648 2147483648 2147483648 2147483648 2147483648 2147483648 2147483648 2147483648 2147483648 2147483648 2147483648 2147483648 2147483648 2147483648 2147483648 2147483648 2147483648 2147483648 2147483648 2147483648 2147483648 2147483648 2147483648 2147483648 2147483648 2147483648 2147483648 2147483648 2147483648
2147483648 2147483648 2147483648 2147483648 2147483648 2147483648 2147483648 2147483648 2147483648 2147483648 2147483648 2147483648 2147483648 2147483648 2147483648 2147483648 2147483648 2147483648 2147483648 2147483648 2147483648 2147483648 2147483648 2147483648 2147483648 0.5 2147483648 2147483648 2147483648 2147483648 2147483648 2147483648 2147483648 2147483648 2147483648 2147483648 2147483648 2147483648 2147483648 2147483648 2147483648 2147483648 2147483648 2147483648 2147483648 2147483648 2147483648 2147483648 2147483648 2147483648 2147483648 2147483648 2147483648 2147483648 2147483648 2147483648 2147483648
