tests/data/ascii-folder/2_MSWEP_1979.01.03.tif.asc
ncols        93
nrows        125
xllcorner    32239263.703880000859
yllcorner    5131081.422349999659
cellsize     5000.000000000000
NODATA_value  2147483648
[rows 75 to 99 of 125, columns 0 to 56 of 93]
2147483648 2147483648 2147483648 2147483648 2147483648 2147483648 0 0 0 0 0 0 0 0 0 0 0 0 0 0 0 0 0 0 0 0 0 0 0 0 0 0 0 0.0099999997764825820923 0.0099999997764825820923 0.18000000715255737305 0.18000000715255737305 0.36000001430511474609 0.36000001430511474609 0.66000002622604370117 0.66000002622604370117 0.66000002622604370117 0.58999997377395629883 0.58999997377395629883 0.56000000238418579102 0.56000000238418579102 0.36000001430511474609 0.36000001430511474609 0.40999999642372131348 0.40999999642372131348 0.57999998331069946289 0.57999998331069946289 0.47999998927116394043 0.47999998927116394043 0.51999998092651367188 0.51999998092651367188 0.61000001430511474609
2147483648 2147483648 2147483648 2147483648 2147483648 2147483648 0 0 0 0 0 0 0 0 0 0 0 0 0 0 0 0 0 0 0 0 0 0 0 0 0 0 0 0.0099999997764825820923 0.0099999997764825820923 0.18000000715255737305 0.18000000715255737305 0.36000001430511474609 0.36000001430511474609 0.66000002622604370117 0.66000002622604370117 0.66000002622604370117 0.58999997377395629883 0.58999997377395629883 0.56000000238418579102 0.56000000238418579102 0.36000001430511474609 0.36000001430511474609 0.40999999642372131348 0.40999999642372131348 0.57999998331069946289 0.57999998331069946289 0.47999998927116394043 0.47999998927116394043 0.51999998092651367188 0.51999998092651367188 0.61000001430511474609
2147483648 2147483648 2147483648 2147483648 2147483648 2147483648 0 0 0 0 0 0 0 0 0 0 0 0 0 0 0 0 0 0 0 0 0 0.23999999463558197021 0.23999999463558197021 0.18000000715255737305 0.18000000715255737305 0.15999999642372131348 0.15999999642372131348 0.27000001072883605957 0.27000001072883605957 0.56999999284744262695 0.56999999284744262695 0.62999999523162841797 0.62999999523162841797 0.93999999761581420898 0.93999999761581420898 0.93999999761581420898 0.91000002622604370117 0.91000002622604370117 0.87000000476837158203 0.87000000476837158203 0.67000001668930053711 0.67000001668930053711 0.67000001668930053711 0.67000001668930053711 0.68000000715255737305 0.68000000715255737305 0.77999997138977050781 0.77999997138977050781 1.1900000572204589844 1.1900000572204589844 2147483648
2147483648 2147483648 2147483648 2147483648 2147483648 2147483648 2147483648 2147483648 0 0 0 0 0 0 0 0 0 0 0 0 0 0 0 0 0 0 0 0.23999999463558197021 0.23999999463558197021 0.18000000715255737305 0.18000000715255737305 0.15999999642372131348 0.15999999642372131348 0.27000001072883605957 0.27000001072883605957 0.56999999284744262695 0.56999999284744262695 0.62999999523162841797 0.62999999523162841797 0.93999999761581420898 0.93999999761581420898 0.93999999761581420898 0.91000002622604370117 0.91000002622604370117 0.87000000476837158203 0.87000000476837158203 0.67000001668930053711 0.67000001668930053711 0.67000001668930053711 0.67000001668930053711 0.68000000715255737305 0.68000000715255737305 0.77999997138977050781 0.77999997138977050781 2147483648 1.1900000572204589844 2147483648
2147483648 2147483648 2147483648 2147483648 2147483648 2147483648 2147483648 2147483648 0 0 0 0 0 0 0 0 0 0 0 0.0099999997764825820923 0.0099999997764825820923 0.050000000745058059692 0.050000000745058059692 0.090000003576278686523 0.090000003576278686523 0.21999999880790710449 0.21999999880790710449 0.37999999523162841797 0.37999999523162841797 0.37999999523162841797 0.37999999523162841797 0.37000000476837158203 0.37000000476837158203 0.56000000238418579102 0.56000000238418579102 0.79000002145767211914 0.79000002145767211914 1.0199999809265136719 1.0199999809265136719 1.3999999761581420898 1.3999999761581420898 1.3999999761581420898 1.2599999904632568359 1.2599999904632568359 1.2599999904632568359 1.2599999904632568359 0.99000000953674316406 0.99000000953674316406 1.1799999475479125977 1.1799999475479125977 1.2200000286102294922 1.2200000286102294922 1.4199999570846557617 1.4199999570846557617 2147483648 2147483648 2147483648
2147483648 2147483648 2147483648 2147483648 2147483648 2147483648 2147483648 2147483648 0 0 0 0 0 0 0 0 0 0 0 0.0099999997764825820923 0.0099999997764825820923 0.050000000745058059692 0.050000000745058059692 0.090000003576278686523 0.090000003576278686523 0.21999999880790710449 0.21999999880790710449 0.37999999523162841797 0.37999999523162841797 0.37999999523162841797 0.37999999523162841797 0.37000000476837158203 0.37000000476837158203 0.56000000238418579102 0.56000000238418579102 0.79000002145767211914 0.79000002145767211914 1.0199999809265136719 1.0199999809265136719 1.3999999761581420898 1.3999999761581420898 1.3999999761581420898 1.2599999904632568359 1.2599999904632568359 1.2599999904632568359 1.2599999904632568359 0.99000000953674316406 0.99000000953674316406 1.1799999475479125977 1.1799999475479125977 1.2200000286102294922 1.2200000286102294922 1.4199999570846557617 1.4199999570846557617 2147483648 2147483648 2147483648
2147483648 2147483648 2147483648 2147483648 2147483648 2147483648 2147483648 2147483648 0 0 0 0 0 0 0 0 0 0 0 0.019999999552965164185 0.019999999552965164185 0.019999999552965164185 0.019999999552965164185 0.019999999552965164185 0.019999999552965164185 0.18999999761581420898 0.18999999761581420898 0.27000001072883605957 0.27000001072883605957 0.30000001192092895508 0.30000001192092895508 0.43000000715255737305 0.43000000715255737305 0.55000001192092895508 0.55000001192092895508 0.76999998092651367188 0.76999998092651367188 1.0199999809265136719 1.0199999809265136719 1.5 1.5 1.5 1.2400000095367431641 1.2400000095367431641 1.1699999570846557617 1.1699999570846557617 0.94999998807907104492 0.94999998807907104492 1.2200000286102294922 1.2200000286102294922 1.3099999427795410156 2147483648 1.3600000143051147461 1.3600000143051147461 2147483648 2147483648 2147483648
2147483648 2147483648 2147483648 2147483648 2147483648 2147483648 2147483648 2147483648 0 0 0 0 0 0 0 0 0 0 0 0.019999999552965164185 0.019999999552965164185 0.019999999552965164185 0.019999999552965164185 0.019999999552965164185 0.019999999552965164185 0.18999999761581420898 0.18999999761581420898 0.27000001072883605957 0.27000001072883605957 0.30000001192092895508 0.30000001192092895508 0.43000000715255737305 0.43000000715255737305 0.55000001192092895508 0.55000001192092895508 0.76999998092651367188 0.76999998092651367188 1.0199999809265136719 1.0199999809265136719 1.5 1.5 1.5 1.2400000095367431641 1.2400000095367431641 1.1699999570846557617 1.1699999570846557617 0.94999998807907104492 0.94999998807907104492 1.2200000286102294922 1.2200000286102294922 1.3099999427795410156 1.3099999427795410156 2147483648 2147483648 2147483648 2147483648 2147483648
2147483648 2147483648 2147483648 2147483648 2147483648 2147483648 2147483648 2147483648 0 0 0 2147483648 2147483648 0 0 0 0 0 0 0.019999999552965164185 0.019999999552965164185 0.019999999552965164185 0.019999999552965164185 0.019999999552965164185 0.019999999552965164185 0.12999999523162841797 0.12999999523162841797 0.20999999344348907471 0.20999999344348907471 0.30000001192092895508 0.30000001192092895508 0.40000000596046447754 0.40000000596046447754 0.47999998927116394043 0.47999998927116394043 0.79000002145767211914 0.79000002145767211914 1.2799999713897705078 1.2799999713897705078 1.4299999475479125977 1.4299999475479125977 1.4299999475479125977 1.2000000476837158203 1.2000000476837158203 1.0499999523162841797 1.0499999523162841797 0.94999998807907104492 0.94999998807907104492 1.1799999475479125977 1.1799999475479125977 2147483648 2147483648 2147483648 2147483648 2147483648 2147483648 2147483648
2147483648 2147483648 2147483648 2147483648 2147483648 2147483648 2147483648 2147483648 2147483648 0 0 2147483648 2147483648 0 0 0 0 0 0 0.019999999552965164185 0.019999999552965164185 0.019999999552965164185 0.019999999552965164185 0.019999999552965164185 0.019999999552965164185 0.12999999523162841797 0.12999999523162841797 0.20999999344348907471 0.20999999344348907471 0.30000001192092895508 0.30000001192092895508 0.40000000596046447754 0.40000000596046447754 0.47999998927116394043 0.47999998927116394043 0.79000002145767211914 0.79000002145767211914 1.2799999713897705078 1.2799999713897705078 1.4299999475479125977 1.4299999475479125977 1.4299999475479125977 1.2000000476837158203 1.2000000476837158203 1.0499999523162841797 1.0499999523162841797 0.94999998807907104492 0.94999998807907104492 1.1799999475479125977 2147483648 2147483648 2147483648 2147483648 2147483648 2147483648 2147483648 2147483648
2147483648 2147483648 2147483648 2147483648 2147483648 2147483648 2147483648 2147483648 2147483648 2147483648 2147483648 2147483648 2147483648 2147483648 0 0 0 0 0 0.029999999329447746277 0.029999999329447746277 0.029999999329447746277 0.029999999329447746277 0.019999999552965164185 0.019999999552965164185 0.079999998211860656738 0.079999998211860656738 0.27000001072883605957 0.27000001072883605957 0.34999999403953552246 0.34999999403953552246 0.36000001430511474609 0.36000001430511474609 0.94999998807907104492 0.94999998807907104492 1.0399999618530273438 1.0399999618530273438 1.2400000095367431641 1.2400000095367431641 1.4099999666213989258 1.4099999666213989258 1.4099999666213989258 2147483648 1.1599999666213989258 1.0299999713897705078 1.0299999713897705078 0.92000001668930053711 0.92000001668930053711 1.0700000524520874023 2147483648 2147483648 2147483648 2147483648 2147483648 2147483648 2147483648 2147483648
2147483648 2147483648 2147483648 2147483648 2147483648 2147483648 2147483648 2147483648 2147483648 2147483648 2147483648 2147483648 2147483648 2147483648 0 0 0 0 0 0.029999999329447746277 0.029999999329447746277 0.029999999329447746277 0.029999999329447746277 0.019999999552965164185 0.019999999552965164185 0.079999998211860656738 0.079999998211860656738 0.27000001072883605957 0.27000001072883605957 0.34999999403953552246 0.34999999403953552246 0.36000001430511474609 0.36000001430511474609 0.94999998807907104492 0.94999998807907104492 1.0399999618530273438 1.0399999618530273438 1.2400000095367431641 1.2400000095367431641 2147483648 2147483648 2147483648 2147483648 2147483648 1.0299999713897705078 1.0299999713897705078 2147483648 2147483648 1.0700000524520874023 2147483648 2147483648 2147483648 2147483648 2147483648 2147483648 2147483648 2147483648
2147483648 2147483648 2147483648 2147483648 2147483648 2147483648 2147483648 2147483648 2147483648 2147483648 2147483648 2147483648 2147483648 2147483648 2147483648 2147483648 0 0 0 0.019999999552965164185 0.019999999552965164185 0.019999999552965164185 0.019999999552965164185 0.0099999997764825820923 0.0099999997764825820923 0.079999998211860656738 0.079999998211860656738 0.28999999165534973145 0.28999999165534973145 0.30000001192092895508 0.30000001192092895508 0.34000000357627868652 0.34000000357627868652 1.3899999856948852539 1.3899999856948852539 1.370000004768371582 1.370000004768371582 1.5700000524520874023 1.5700000524520874023 1.3400000333786010742 2147483648 2147483648 2147483648 2147483648 2147483648 2147483648 2147483648 2147483648 2147483648 2147483648 2147483648 2147483648 2147483648 2147483648 2147483648 2147483648 2147483648
2147483648 2147483648 2147483648 2147483648 2147483648 2147483648 2147483648 2147483648 2147483648 2147483648 2147483648 2147483648 2147483648 2147483648 2147483648 2147483648 0 0 0 0.019999999552965164185 0.019999999552965164185 0.019999999552965164185 0.019999999552965164185 0.0099999997764825820923 0.0099999997764825820923 0.079999998211860656738 0.079999998211860656738 0.28999999165534973145 0.28999999165534973145 0.30000001192092895508 0.30000001192092895508 0.34000000357627868652 0.34000000357627868652 1.3899999856948852539 1.3899999856948852539 1.370000004768371582 1.370000004768371582 1.5700000524520874023 1.5700000524520874023 1.3400000333786010742 2147483648 2147483648 2147483648 2147483648 2147483648 2147483648 2147483648 2147483648 2147483648 2147483648 2147483648 2147483648 2147483648 2147483648 2147483648 2147483648 2147483648
2147483648 2147483648 2147483648 2147483648 2147483648 2147483648 2147483648 2147483648 2147483648 2147483648 2147483648 2147483648 2147483648 2147483648 2147483648 2147483648 2147483648 0.95999997854232788086 0.95999997854232788086 0.93999999761581420898 0.93999999761581420898 0.97000002861022949219 0.97000002861022949219 0.66000002622604370117 0.66000002622604370117 0.76999998092651367188 0.76999998092651367188 0.97000002861022949219 0.97000002861022949219 1.0599999427795410156 1.0599999427795410156 1.3099999427795410156 1.3099999427795410156 3.2400000095367431641 3.2400000095367431641 3.8800001144409179688 3.8800001144409179688 4.1500000953674316406 4.1500000953674316406 3.6700000762939453125 3.6700000762939453125 2147483648 2147483648 2147483648 2147483648 2147483648 2147483648 2147483648 2147483648 2147483648 2.4700000286102294922 2147483648 2147483648 2147483648 2147483648 2147483648 2147483648
2147483648 2147483648 2147483648 2147483648 2147483648 2147483648 2147483648 2147483648 2147483648 2147483648 2147483648 2147483648 2147483648 2147483648 2147483648 2147483648 2147483648 2147483648 0.95999997854232788086 0.93999999761581420898 0.93999999761581420898 0.97000002861022949219 0.97000002861022949219 0.66000002622604370117 0.66000002622604370117 0.76999998092651367188 0.76999998092651367188 0.97000002861022949219 0.97000002861022949219 1.0599999427795410156 1.0599999427795410156 1.3099999427795410156 1.3099999427795410156 3.2400000095367431641 3.2400000095367431641 3.8800001144409179688 3.8800001144409179688 4.1500000953674316406 4.1500000953674316406 3.6700000762939453125 3.6700000762939453125 3.6700000762939453125 2.7999999523162841797 2.7999999523162841797 3.3599998950958251953 2147483648 2147483648 2.7100000381469726562 2.6400001049041748047 2.6400001049041748047 2.4700000286102294922 2.4700000286102294922 2.5599999427795410156 2.5599999427795410156 2.5799999237060546875 2.5799999237060546875 2.7200000286102294922
2147483648 2147483648 2147483648 2147483648 2147483648 2147483648 2147483648 2147483648 2147483648 2147483648 2147483648 2147483648 2147483648 2147483648 2147483648 2147483648 2147483648 2147483648 2147483648 0.81999999284744262695 0.81999999284744262695 0.81999999284744262695 0.81999999284744262695 0.64999997615814208984 0.64999997615814208984 0.81000000238418579102 0.81000000238418579102 1.0499999523162841797 1.0499999523162841797 0.93000000715255737305 0.93000000715255737305 1.1499999761581420898 1.1499999761581420898 2.5099999904632568359 2.5099999904632568359 3.3499999046325683594 3.3499999046325683594 3.4800000190734863281 3.4800000190734863281 3.3800001144409179688 3.3800001144409179688 3.3800001144409179688 3.0399999618530273438 3.0399999618530273438 3.3800001144409179688 2147483648 2.7100000381469726562 2.7100000381469726562 2.6400001049041748047 2.6400001049041748047 2.4700000286102294922 2.4700000286102294922 2.5599999427795410156 2.5599999427795410156 2.5799999237060546875 2.5799999237060546875 2.7200000286102294922
2147483648 2147483648 2147483648 2147483648 2147483648 2147483648 2147483648 2147483648 2147483648 2147483648 2147483648 2147483648 2147483648 2147483648 2147483648 2147483648 2147483648 2147483648 2147483648 2147483648 2147483648 0.81999999284744262695 0.81999999284744262695 0.64999997615814208984 0.64999997615814208984 0.81000000238418579102 0.81000000238418579102 1.0499999523162841797 1.0499999523162841797 0.93000000715255737305 0.93000000715255737305 1.1499999761581420898 1.1499999761581420898 2.5099999904632568359 2.5099999904632568359 3.3499999046325683594 3.3499999046325683594 3.4800000190734863281 3.4800000190734863281 3.3800001144409179688 3.3800001144409179688 3.3800001144409179688 3.0399999618530273438 3.0399999618530273438 3.3800001144409179688 3.3800001144409179688 2.7100000381469726562 2.7100000381469726562 2.6400001049041748047 2.6400001049041748047 2.4700000286102294922 2.4700000286102294922 2.5599999427795410156 2.5599999427795410156 2.5799999237060546875 2.5799999237060546875 2.7200000286102294922
2147483648 2147483648 2147483648 2147483648 2147483648 2147483648 2147483648 2147483648 2147483648 2147483648 2147483648 2147483648 2147483648 2147483648 2147483648 2147483648 2147483648 2147483648 2147483648 2147483648 2147483648 2147483648 0.81999999284744262695 0.72000002861022949219 0.72000002861022949219 0.87000000476837158203 0.87000000476837158203 1.129999995231628418 1.129999995231628418 0.98000001907348632812 0.98000001907348632812 1.1499999761581420898 1.1499999761581420898 2.5099999904632568359 2.5099999904632568359 3.3499999046325683594 3.3499999046325683594 3.4800000190734863281 3.4800000190734863281 3.3800001144409179688 3.3800001144409179688 3.3800001144409179688 3.0399999618530273438 3.0399999618530273438 3.3800001144409179688 3.3800001144409179688 2.7699999809265136719 2.7699999809265136719 2.8399999141693115234 2.8399999141693115234 2.6600000858306884766 2.6600000858306884766 2.6900000572204589844 2.6900000572204589844 2.6900000572204589844 2.6900000572204589844 2.7699999809265136719
2147483648 2147483648 2147483648 2147483648 2147483648 2147483648 2147483648 2147483648 2147483648 2147483648 2147483648 2147483648 2147483648 2147483648 2147483648 2147483648 2147483648 2147483648 2147483648 2147483648 2147483648 2147483648 0.81999999284744262695 0.72000002861022949219 0.72000002861022949219 0.87000000476837158203 0.87000000476837158203 1.129999995231628418 1.129999995231628418 0.98000001907348632812 0.98000001907348632812 1.1499999761581420898 1.1499999761581420898 2.5099999904632568359 2.5099999904632568359 3.3499999046325683594 3.3499999046325683594 3.4800000190734863281 3.4800000190734863281 3.3800001144409179688 3.3800001144409179688 3.3800001144409179688 3.0399999618530273438 3.0399999618530273438 3.3800001144409179688 3.3800001144409179688 2.7699999809265136719 2.7699999809265136719 2.8399999141693115234 2.8399999141693115234 2.6600000858306884766 2.6600000858306884766 2.6900000572204589844 2.6900000572204589844 2.6900000572204589844 2.6900000572204589844 2.7699999809265136719
2147483648 2147483648 2147483648 2147483648 2147483648 2147483648 2147483648 2147483648 2147483648 2147483648 2147483648 2147483648 2147483648 2147483648 2147483648 2147483648 2147483648 2147483648 2147483648 2147483648 2147483648 2147483648 0.88999998569488525391 0.72000002861022949219 0.72000002861022949219 0.87000000476837158203 0.87000000476837158203 1.0299999713897705078 1.0299999713897705078 0.98000001907348632812 0.98000001907348632812 1.2400000095367431641 1.2400000095367431641 2.2599999904632568359 2.2599999904632568359 2.7400000095367431641 2.7400000095367431641 2.9000000953674316406 2.9000000953674316406 3.2999999523162841797 3.2999999523162841797 3.2999999523162841797 3.1700000762939453125 3.1700000762939453125 3.4800000190734863281 3.4800000190734863281 3 3 3.0399999618530273438 3.0399999618530273438 2.9200000762939453125 2.9200000762939453125 2.9700000286102294922 2.9700000286102294922 2.9700000286102294922 2.9700000286102294922 3.0999999046325683594
2147483648 2147483648 2147483648 2147483648 2147483648 2147483648 2147483648 2147483648 2147483648 2147483648 2147483648 2147483648 2147483648 2147483648 2147483648 2147483648 2147483648 2147483648 2147483648 2147483648 2147483648 2147483648 2147483648 0.72000002861022949219 0.72000002861022949219 0.87000000476837158203 0.87000000476837158203 1.0299999713897705078 1.0299999713897705078 0.98000001907348632812 0.98000001907348632812 1.2400000095367431641 1.2400000095367431641 2.2599999904632568359 2.2599999904632568359 2.7400000095367431641 2.7400000095367431641 2.9000000953674316406 2.9000000953674316406 3.2999999523162841797 3.2999999523162841797 3.2999999523162841797 3.1700000762939453125 3.1700000762939453125 3.4800000190734863281 3.4800000190734863281 3 3 3.0399999618530273438 3.0399999618530273438 2.9200000762939453125 2.9200000762939453125 2.9700000286102294922 2.9700000286102294922 2.9700000286102294922 2.9700000286102294922 3.0999999046325683594
2147483648 2147483648 2147483648 2147483648 2147483648 2147483648 2147483648 2147483648 2147483648 2147483648 2147483648 2147483648 2147483648 2147483648 2147483648 2147483648 2147483648 2147483648 2147483648 2147483648 2147483648 2147483648 2147483648 0.72000002861022949219 0.72000002861022949219 0.87000000476837158203 0.87000000476837158203 1.0299999713897705078 1.0299999713897705078 0.98000001907348632812 0.98000001907348632812 1.2400000095367431641 1.2400000095367431641 2.2599999904632568359 2.2599999904632568359 2.7400000095367431641 2.7400000095367431641 2.9000000953674316406 2.9000000953674316406 3.2999999523162841797 3.2999999523162841797 3.2999999523162841797 3.1700000762939453125 3.1700000762939453125 3.4800000190734863281 3.4800000190734863281 3 3 3.0399999618530273438 3.0399999618530273438 2.9200000762939453125 2.9200000762939453125 2.9700000286102294922 2.9700000286102294922 2.9700000286102294922 2.9700000286102294922 3.0999999046325683594
2147483648 2147483648 2147483648 2147483648 2147483648 2147483648 2147483648 2147483648 2147483648 2147483648 2147483648 2147483648 2147483648 2147483648 2147483648 2147483648 2147483648 2147483648 2147483648 2147483648 2147483648 2147483648 2147483648 2147483648 0.89999997615814208984 1.2300000190734863281 1.2300000190734863281 1.3999999761581420898 1.3999999761581420898 1.2699999809265136719 1.2699999809265136719 1.75 1.75 2.8599998950958251953 2.8599998950958251953 3.3299999237060546875 3.3299999237060546875 2.8199999332427978516 2.8199999332427978516 3.0899999141693115234 3.0899999141693115234 3.0899999141693115234 3.1400001049041748047 3.1400001049041748047 3.4400000572204589844 3.4400000572204589844 2.8699998855590820312 2.8699998855590820312 3.0199999809265136719 3.0199999809265136719 3.2699999809265136719 3.2699999809265136719 3.1300001144409179688 3.1300001144409179688 3.0499999523162841797 3.0499999523162841797 4.5799999237060546875
2147483648 2147483648 2147483648 2147483648 2147483648 2147483648 2147483648 2147483648 2147483648 2147483648 2147483648 2147483648 2147483648 2147483648 2147483648 2147483648 2147483648 2147483648 2147483648 2147483648 2147483648 2147483648 2147483648 2147483648 2147483648 1.2300000190734863281 1.2300000190734863281 1.3999999761581420898 1.3999999761581420898 1.2699999809265136719 1.2699999809265136719 1.75 1.75 2.8599998950958251953 2.8599998950958251953 3.3299999237060546875 3.3299999237060546875 2.8199999332427978516 2.8199999332427978516 3.0899999141693115234 3.0899999141693115234 3.0899999141693115234 3.1400001049041748047 3.1400001049041748047 3.4400000572204589844 3.4400000572204589844 2.8699998855590820312 2.8699998855590820312 3.0199999809265136719 3.0199999809265136719 3.2699999809265136719 3.2699999809265136719 3.1300001144409179688 3.1300001144409179688 3.0499999523162841797 3.0499999523162841797 4.5799999237060546875
